Id,SalePrice
2658,140514.69084608209
2718,160582.54538630164
2414,210585.67714535721
1989,109601.15177036703
625,178750.949132792
333,97560.06686508388
1327,112503.0194582069
858,147262.939665443
95,186512.7996721435
1568,165984.71811191476
2482,157362.215633048
1364,123236.65998600822
2584,151933.66443881806
818,273311.09148025245
2673,152855.71968988774
2089,127054.24681977968
1297,167484.58973247008
790,120381.15685740067
2616,191534.37644970923
720,178205.87043533186
222,151714.31991594122
557,128801.24027164909
1148,190453.01052707728
2766,163410.6448029218
534,172499.65902792112
1452,120890.63925519587
630,121788.29003420695
2648,114214.66537356553
125,155922.3769870066
1904,72613.28203538597
1670,111048.60243546015
756,96163.4897625892
717,211195.49080606818
1032,159050.74193559086
852,213234.17486582632
1731,175340.6194948784
2639,120006.63417441596
2071,94528.07859229326
1267,114198.05940201551
1851,186956.36885194606
567,156253.08228492213
2439,203627.26323792635
1898,148539.04715499576
647,149514.44712743472
2256,214571.4833306555
979,98192.73961176883
1444,218250.8421566247
2485,124419.54307580162
157,133455.42735209272
88,126496.88491741731
2003,107443.75392694384
186,190453.12706788204
1425,246082.44682171685
2695,122518.87375628299
738,103932.79718307978
395,155626.92954187552
1353,166286.3483562499
1878,133974.59767385226
390,163198.2436268019
1456,234639.33424372826
1103,318274.370004417
1387,132729.19672320446
2070,147871.4842153605
1199,168810.76685703415
2479,173073.01859124855
501,305913.9626327649
2362,99975.87226223413
1718,191473.8217834564
2188,92870.78932840866
1483,151715.83999439876
2557,85956.1141433129
437,365275.7039194624
2224,204284.29009108216
1628,163447.28187555945
397,139869.25065378845
587,195791.490478231
2182,770439.4832458494
971,131723.06936434333
2611,133833.31610672688
1887,99988.40855476697
2399,359583.477365019
2148,199386.57118532955
304,117832.74351279196
1997,131311.70161852735
2817,114097.61293479738
1431,200358.0306375835
427,357860.66859635
263,125159.3219910327
598,175231.31066649567
2895,226302.3432814966
687,137200.09428081126
1822,135786.3649957316
2191,109367.08495718657
179,125710.63542081101
1009,197780.9183340251
2010,128452.47831893942
1991,135604.78019360648
1411,188677.526387577
1721,221188.8593360881
1144,191433.62000694676
593,212238.5730161613
575,311430.7171231821
1249,170607.05579292588
1604,127847.31710441603
1064,522202.87593791494
1923,157524.72012052417
1988,116479.90507774525
2325,167837.80992994038
114,197387.957555085
2700,176586.02307508403
217,135241.75155467607
343,178346.68286403338
386,221884.70095635648
2005,120455.73286132241
2908,140947.5245043643
1814,238821.68198558522
2446,553404.2505300116
208,139806.63527016278
1679,110811.8206989207
822,337792.1189054803
6,197135.4125174682
1781,429876.78354747733
2397,278686.81646485394
2340,305472.4460073731
1618,172184.6585835676
2843,130823.84648699271
1061,374411.8228089685
2786,129234.88598025264
1935,137057.16189524156
1341,117778.14754209007
521,270259.0106943223
2136,134185.4053824077
996,203451.80070770718
227,146778.42927791114
135,179911.97056111103
1167,165232.0584404635
294,239305.23400754662
1776,203216.50306186013
540,159359.25147468326
1717,195042.54187770418
2303,134812.48803336735
116,182891.32253272907
127,131515.45699317986
1371,127321.61649562897
1014,159598.80479759103
1507,103231.22344140097
702,117607.98962125008
750,144235.3648357622
261,154655.96216370867
1559,75968.24130248226
577,219701.4011335913
2812,195306.83645663314
2080,161376.66773137046
1368,108463.44193362826
2376,124133.3328951596
659,112741.79738366712
1235,138115.20762321597
332,78784.82754110775
1917,142595.21327988966
2094,247719.09549786977
1460,264889.7726491328
1471,215315.57662295242
1509,126460.66281420656
1922,137320.6767143233
433,529444.7280451654
460,244050.1825837987
1116,246401.41561177542
1137,164818.6986315458
53,162415.93031940737
2354,266364.8275224785
1475,194466.9695325619
1761,638060.7493133873
842,142709.78621063632
2739,174152.0622186981
2509,148058.2195070486
1007,196708.71140905292
2610,186732.04973595263
1952,85905.36270099602
2719,165575.157067598
2921,87003.51058566052
1966,144661.28686585266
292,106833.65474534249
1204,187874.16253939687
1829,254299.68705278722
2419,182191.0357242382
391,146867.23060379413
798,108685.98793105372
481,195459.57497861458
193,198918.56503285046
555,115912.08370055868
899,74255.7102973899
2357,180761.12627601903
328,132395.8074432717
1356,117962.20417329032
1154,110033.65412188758
1730,176467.77957599572
2249,158564.23126836785
1119,287530.2046207625
2856,139387.56911620367
1394,128552.06045455192
2587,116129.48045617915
61,331785.11401742644
2661,177092.84053563976
2711,132535.16402305267
1147,179299.24049759842
757,127543.32041197963
2623,94523.42000991995
2378,138811.17851440085
1413,137081.174827033
1722,206495.2571610302
1112,225556.58667193813
1623,194367.58689027128
1201,188757.88360841828
1513,116199.16610122468
957,407708.52104525815
1171,261915.75556190778
1145,192286.89017397002
2726,241467.8399633683
703,143945.28916688391
760,97469.2465318123
1964,148102.3041437354
2512,172627.2036093838
159,146445.04434847785
1281,160386.38567064927
468,177302.64048189015
290,124777.16103390112
665,99914.78478458147
1463,262562.6795565945
1792,224358.19902346388
923,156896.75258713606
500,268566.8924748531
1408,192916.84080765612
331,87577.27760877085
170,110065.94437978228
2192,101914.41016613985
2571,292349.3955795282
2314,171758.36013329617
2647,93381.16322809883
422,429659.9546500653
2457,375024.9241516739
1838,200228.56070352258
2805,265274.57514119503
1645,150584.5119444905
1711,289490.8994524521
2825,244352.15745665575
322,349818.34149849473
2103,261704.9080454919
342,120246.54712198162
600,125807.24772360217
488,178177.75908279396
1725,324924.01637112466
2246,293564.635069131
2847,161096.69822214497
806,239022.96614023077
530,229680.581931734
963,188050.09213422323
2678,96196.68220618524
171,91639.99893557667
2401,447179.8400741009
805,222205.49141275918
2259,233891.66862822315
1748,175267.75575816113
1361,130184.98399025766
1677,112752.19816902865
1406,160696.01368255404
2322,252523.29936216737
688,149915.2028115415
143,146367.18891149532
804,201380.13578061384
1214,166874.1705817043
2828,145216.4595328563
1999,179558.9651508107
2467,199563.8427179254
2665,147174.70532961888
1538,389247.25589639955
398,122258.98702327762
2822,144000.77584173536
2157,141622.80105154065
1856,186535.1008983886
1269,89482.63417974509
2570,119083.1201065045
2320,246597.64291403018
1517,135007.40733088297
2304,122066.07875978904
1312,97674.73501160488
2012,132980.28564146982
506,225199.00993053342
2865,214686.33254629403
2367,104804.77883159104
554,80534.1822245787
238,141242.40782951884
1954,112683.57915247836
2488,118506.57655438672
2291,78293.44155589587
1969,102156.28223961733
2725,165698.6807426992
1482,148585.64050827018
2763,200727.89966760654
503,245629.18646292068
1584,241649.25631958613
1531,144895.14563197046
2210,173470.977643997
459,336194.0782746207
556,133159.0868403006
1347,129362.98588032021
1290,75752.77739522433
1388,98892.56636596144
1571,303280.73988479405
2754,197865.06357808257
765,144080.28674068762
2494,132644.40964693908
2870,236731.97653200192
7,207202.53808322875
1114,247459.1562068652
2418,291093.92224726646
291,119869.89962490776
18,351286.1605066237
39,377575.65813455754
1001,244483.74082358333
2442,224559.79590382025
616,108978.35367993273
2680,75365.77143589631
1414,126779.08525017744
289,145897.508929303
40,248369.302606292
860,125494.38825569862
409,137872.25839466922
673,155067.48763241404
2427,175875.63547621705
2036,209963.64745796236
2564,135819.91448760452
642,153096.92173360506
1008,176240.70189841473
1908,135929.73399238748
2519,198823.38877325732
1369,98553.46643114038
2855,170921.67546050643
712,98517.68558433243
1943,113559.36043312776
1958,120441.66053291094
107,146618.7155481503
2295,201128.65013494983
704,96342.56878155154
676,141508.52337992395
259,183072.43326515966
93,280900.92209002306
106,243592.39953324228
2315,172242.23184236465
1050,109409.83763188637
1095,200232.8977992529
2709,151323.50342939963
758,116581.62988321524
1496,157266.09696484316
2370,122346.47055971288
2458,288530.1151384661
2733,141916.6814126424
161,251925.15562839963
726,145923.81527790555
845,206073.5959207411
947,241485.56829513737
2232,109645.057210306
2563,146921.89230979217
2299,144737.17755404423
211,77633.51638878163
605,149176.068828795
1478,202374.56074400267
2247,294381.2322708174
2274,212248.87702852755
2869,209612.70196002125
967,210196.0936543834
2656,128840.2292328277
667,187706.97640291046
1042,116174.40217890039
2023,161376.3408923398
2447,410333.88610528817
2055,121697.98079279036
2275,299225.0350313417
2204,167850.12937886384
1563,298618.1075775558
483,199182.50344022614
796,132031.9213123111
1526,160886.14473030402
2042,125583.00599602883
442,343970.34768711554
1693,331319.4023159223
1468,220117.1962652819
1430,194849.3026031349
2605,140123.72146178398
1529,195488.61735311308
335,154427.1714146178
1287,128463.5030446355
31,103407.15527070107
1785,309922.3173213241
82,163448.9066015656
2620,125881.62893176317
252,181410.68901749863
721,61969.315978289305
2165,181617.1132698022
2316,189604.55782569773
775,127796.64545245044
1558,93622.17587853875
17,210379.7370953249
1022,216921.39992886208
925,125102.3966025821
438,276515.2271192488
1270,129701.51172143918
1272,125464.92184037941
215,132294.31120105117
266,231687.9640257815
2402,278528.5390221606
1250,128639.1194357205
1984,116774.71581062395
1279,140274.8486830281
377,231936.48151161935
1252,114308.20367611424
2156,272721.42941200593
499,318334.09253300057
1374,127691.33494988049
2898,251380.26133952622
401,119720.33193156439
2721,135387.17262497605
2078,234532.78132099204
2589,124482.33968207342
1946,208277.73039313595
1334,118726.18300793241
2781,221411.91650625042
431,410177.70357474464
576,193442.26745338814
1474,208387.52790231648
2254,137387.91073975593
2155,281199.54073532904
885,103566.65663529691
643,140070.78272717318
1944,121293.01967023688
480,194108.88586050784
2845,104260.94188532542
2387,321244.8871730149
2407,197666.78679302198
2527,168946.8624245785
2514,146926.67190553725
629,149806.4691907437
80,205558.93065518735
1876,142395.34221583375
1546,124827.42322534455
2518,173385.71040043983
2347,161563.72718764166
783,225894.85703217465
1322,55333.26554773623
194,91327.92904905567
1770,286711.3289554556
2143,135564.74766010567
1229,220443.20055505895
511,287886.82939093583
46,215425.8785996359
1348,149998.25408079577
2465,197497.25473099895
387,237055.57692199928
873,219151.3794071233
1918,126228.52179487543
2764,231737.80590534216
2184,134056.74310344085
934,138916.60229560698
1920,136894.30795100436
2631,142397.90902546913
1768,700513.5026568425
2040,118950.55713410513
1749,212741.9975279407
834,242155.84734263454
1457,231223.14940546616
79,125156.3266755228
2302,130609.16427787708
1817,147950.78508714063
2755,235467.0927472297
359,173939.35164380213
2059,110933.96637635815
2092,227480.56891052247
2516,224021.68059486302
150,120836.47170024875
1656,141972.82351256325
83,94360.60080943142
2411,177901.15068696695
795,79001.13988522964
2312,218421.616515158
2917,99982.01278446111
1624,173410.22393565893
2215,332376.6213059999
1211,155713.4184891802
1485,152466.97616718145
1024,169812.6689176635
570,193321.2864384829
2874,133269.35685053153
700,122595.43988537743
2756,210186.77667938068
2022,176595.5322438107
583,216692.93918189275
2392,382885.07809810224
2424,176166.76450047755
212,111047.96787328605
736,132799.38445547753
1610,166386.63642032066
890,124001.87592868476
467,175379.15317338164
578,221821.68520652497
1747,184722.66067051893
1149,156481.06925048094
2758,252331.4626101337
857,146481.66032668558
2219,269407.75908309163
733,103217.39939534596
2909,105447.53125433628
1798,275617.7789025166
235,130885.35969779165
2366,130402.44342502486
1027,131942.1888666341
1195,136473.3898202106
1303,64821.002469618645
148,188564.93461164847
608,158714.77061619598
2515,192697.23102426642
821,275073.7141489152
2500,254752.87958972453
745,108063.9854001755
741,122981.07982982893
1611,120564.86192027848
2532,121918.45858854796
1081,227308.53208200223
1692,492009.4231076073
2520,167849.8475442534
276,103703.50351150027
1992,129817.64372139795
663,68446.24597498258
418,124518.69687517354
1733,192225.9170947024
2359,153906.6767656888
253,181166.3621827155
1518,186600.84018272726
2035,139791.23074967993
2919,82136.95906593949
1540,254316.43279080224
2120,147438.92432831903
1674,163878.7104925895
256,150996.97303417366
2361,104393.41422954127
978,82216.44136959774
2280,139483.26500908646
2095,219605.77625196415
1709,332584.579031868
2801,250768.7435797393
1246,112286.02999021404
2373,104869.64641592006
1055,294108.5166769787
2017,120596.24921790833
1099,258525.69059747513
1344,86372.36182203387
835,195877.58083016393
1117,221502.77671407495
2043,91390.92821720935
2085,133672.17842407196
410,141263.41849123922
2650,109337.26645215231
2867,179631.41534931783
1668,115082.33284724332
1161,156793.8454729044
2122,168920.4497883457
2539,150775.95266537095
1047,140544.95357217165
1445,129601.67701846873
541,128632.61788270963
569,215484.78733254678
1276,109925.64158042164
918,152766.8411355415
326,169098.97047781947
1936,129629.1679111312
895,101343.03879245732
257,151196.68136964258
1241,184850.1707545078
1545,122259.06114863277
1189,170142.7521971909
270,144532.4234292718
2066,180198.74260251064
693,107872.10014807762
1259,143063.03806931846
2916,152655.74971887222
2321,299449.6759461184
1977,104089.37522327687
1895,141683.8483532822
1240,169843.5380795228
85,150040.33532620358
1823,129476.36704555282
825,287949.9049540111
110,228472.09174683344
697,121097.7026242404
2297,119203.84005773802
1231,139452.5203390093
1355,133710.7339138291
968,346568.51118667563
584,216659.40572907618
1315,125151.56215620533
1606,148819.59309524007
206,102723.34865467901
1685,367631.3424130465
2016,136752.70442332473
869,205899.97434960987
2135,125382.53537994697
2346,179260.84927671723
2430,224044.87943107198
2198,85317.76031066904
2652,127598.75772325639
27,120798.3808350952
241,166590.44094124305
906,120891.83134619199
1506,120293.892281229
2098,397461.7260234087
1435,224197.6193149199
2213,130917.81937497699
1274,131154.9535799931
743,55239.670092373126
1737,193833.43292588575
2797,277755.33272022114
2185,66721.66214501036
58,165764.31296256487
830,196653.6837428824
808,114947.72795508055
680,134859.53633278457
1153,113310.66400573737
1291,131054.79676409072
1818,140766.89278803027
2161,184876.0643639185
1883,107020.25929747065
350,362853.9282561749
2473,140991.57765688
295,184089.3512495926
293,177109.55065118527
859,132205.71077811214
288,70493.32993657763
1578,143460.14911966072
102,181199.83832974493
2831,135974.95371123802
1030,159864.6616273029
2551,148448.1180994335
1286,146219.058547782
958,319231.12283399364
776,131406.96239997307
72,234602.06340633956
2263,264137.28474155435
1866,149792.24927569137
2876,79275.88231046814
2146,255344.5023264549
103,167113.4996401646
1500,141629.68201484834
492,181420.208376193
167,143976.54592634467
2597,121203.77790805735
2685,104954.06515595749
1035,158584.16204295112
1220,78130.25392609744
2602,154595.7730421777
2159,203827.16945016946
695,127527.70244525316
1109,257555.718865831
640,181388.6376342752
1652,150802.62001872342
2090,173809.26184193153
1188,185465.81211205805
2345,234293.84377341368
1059,433158.2792037284
2751,231092.66701768144
128,194227.47202393418
1523,174757.9743590204
2925,183231.4074828353
2145,300877.5065029748
1121,220036.64070828352
566,249010.4338416469
565,235236.66741617036
1331,135742.57995194505
2928,122126.85196053347
156,143423.29573046815
797,141138.67378964202
327,97160.27600240803
2859,135513.8421281892
1453,126479.3062242703
1762,342135.4551286163
1868,201885.94866968688
1760,179488.35216701936
1113,243769.0716371439
1812,191355.40141672283
117,153967.5299519757
1142,211353.50094958502
2342,406404.271462898
927,145771.575007307
2478,188478.860330756
655,87289.53846061902
2064,125009.96383072739
369,255177.58090933054
2239,115465.26084339061
2732,219682.22716736724
1653,162134.26267871133
959,220877.06951529864
2395,350442.08003292663
1412,114374.62859538055
271,241574.2536990461
1484,153821.44793526325
1497,155731.54341118177
552,156990.32364008282
2,127525.45643216054
1855,303056.02886783466
4,276437.9314681984
2292,152138.12281048356
134,141102.36090576948
646,108441.98656124153
42,294905.40967912145
532,225381.71970799845
713,96722.09410990973
2561,135824.4038389587
2360,131068.08407735973
1333,125640.78568729437
1407,221106.1676425445
2892,310133.24559908634
574,213004.4398526951
1227,176946.33259654732
2591,206763.41364284308
1476,211086.9824287232
1125,266887.8574906648
1446,145234.0849770981
408,120828.85833470599
1101,287870.5134708459
2251,191590.770120082
373,175923.04905975342
2554,128284.40107022294
2382,254755.6854606921
1985,86355.54206578957
519,230755.90544005815
1093,190724.17905365155
864,247681.12023210988
2889,145632.72128253523
2308,197584.39513588042
986,162087.75148817437
1302,148354.67874541224
585,157528.10873375996
2708,152284.84916717443
147,137842.02565766504
1441,222268.8453662358
383,181392.1303094706
285,152942.28401354246
181,107120.37582140644
358,178106.73252527617
780,165747.40143580033
258,191897.11334964406
1865,221082.6095967742
692,122223.64215807684
2902,348680.5621391247
508,254174.70117085474
2638,144337.08891037543
36,142816.6469711331
611,172466.32763102037
2281,142450.91667857787
1678,120626.23939194325
1696,490835.5208878473
1557,85132.47638115562
2180,159637.29930497034
1726,207946.69407318876
951,143621.02271184436
267,223382.4148388844
2706,138047.87117901613
2221,248955.35250610515
1357,163590.87699799062
2901,324976.59622981056
347,167115.26912523416
2164,188926.96251979648
1586,317908.67740363546
360,152792.34028178826
1769,241906.4693387765
2617,144099.03484724523
1879,133704.77891814074
991,234326.31324934546
1535,118094.83519103366
1191,141708.5104688119
1579,210319.4349659512
1882,144389.37602003556
1510,135692.89122144348
2196,125364.22720623759
1845,174199.8355421726
2336,416537.04500947846
942,89085.1613183217
861,130435.6913290368
2555,120670.78984488046
1392,158996.18688378984
2099,260729.55544315235
1543,123675.45969094151
948,289505.96735966846
1239,177572.64720904842
22,180411.80085281242
2796,242512.98650871214
2747,183501.0010498297
92,280745.94531387155
210,170149.93505009214
1858,198307.03809991607
2228,159884.30467374623
447,218818.96230429603
827,244118.29294918408
1649,197642.57443499204
682,129280.49072336085
2698,109152.92680925323
494,161488.0812667882
214,73612.50820595294
2441,245872.75434156277
2679,111579.16451859182
1336,118644.56239140453
465,174682.8468057577
1524,148960.76330440916
2543,114583.82731500696
631,144390.682220464
2452,325813.39515480655
228,146083.11552554244
126,172647.21087732524
1092,222814.34600820125
1122,206853.05797419295
932,224181.17189085425
1980,93111.59543848308
2171,117744.74269315012
551,164819.91078193064
2768,168042.31919292014
2056,110494.6011706718
1159,360022.6464956171
2645,120047.91894768739
1174,170706.86858320958
2266,209123.55216650903
2462,429744.5384321158
1219,147800.42582777762
2922,187000.58132105472
118,144919.65523327887
474,165122.17638931872
2576,149062.09879716532
872,289196.12717702787
1077,201774.53328849553
1536,147639.40044118618
1150,117758.36179932977
2341,322877.494954866
1931,150437.32791285808
2785,130760.67727303182
2538,129763.15939959105
597,200999.51715815777
464,182249.21743743093
233,231844.91874121662
2169,140285.19630432437
2123,170772.72750074993
1867,174955.51231616375
137,252448.74085807678
515,245285.85259108548
933,115157.6785074856
2784,163160.89157970704
972,169402.43398651923
599,169544.70547901597
2614,124445.6046348789
2582,138618.23318661007
1409,167833.99988343415
175,102810.80247695601
352,220547.45773023216
976,107189.30174504875
2134,190672.39072256966
984,118056.75815116003
2396,357501.62616614945
1673,134141.6299811539
404,125430.57533981673
607,163673.91569023998
814,152693.3533292414
868,189351.54129221162
2271,188514.83923105223
1633,220581.35602059358
337,164632.78083203608
2765,183784.90287307854
1746,241949.65988366114
368,331734.2087596456
2806,205685.0080198503
1662,179308.1632898283
1234,214738.10555487423
1373,127618.1302994503
1672,116719.4876320395
1939,125702.11149340085
