Id,SalePrice
2658,140518.21327469405
2718,152390.00062777268
2414,212454.17537961743
1989,108137.5771598852
625,174223.86277625983
333,85890.76000081332
1327,115564.39992476982
858,155812.4317282758
95,181558.00371590626
1568,160913.93486814568
2482,150018.61348236224
1364,120755.29936506103
2584,133860.0653897101
818,290059.02066370694
2673,153308.97961219653
2089,126293.15814639535
1297,174277.25307373513
790,119133.92514690352
2616,202066.73917573263
720,166419.46545617763
222,152936.33689126992
557,123404.01854455724
1148,190355.80498411573
2766,167896.78307234996
534,169124.9916161094
1452,125052.22783218353
630,115081.44161457883
2648,118705.81045063946
125,165271.98772820705
1904,84826.94500863529
1670,107724.74456522374
756,92603.07857900801
717,237497.43036146782
1032,152020.75284846476
852,208358.11563333913
1731,179266.12629680545
2639,108821.5022111536
2071,105639.6812728861
1267,113258.52913535821
1851,196998.9314060824
567,161383.56915917527
2439,200760.39978799754
1898,151131.25230752703
647,159327.28046571754
2256,208866.66668817558
979,92442.60674182075
1444,215502.0358038758
2485,131866.33346284513
157,138055.33194274295
88,124643.10438187612
2003,106516.32329686827
186,201749.66287909393
1425,241047.91309156382
2695,128673.87103861175
738,109061.36687881264
395,158546.59585182095
1353,160650.1344356254
1878,135685.3174848847
390,156440.34136591345
1456,232746.0988739782
1103,328590.25927314674
1387,138860.79317702434
2070,142316.9988623208
1199,169823.731083747
2479,169743.57200823084
501,325462.71760631306
2362,103866.09979221819
1718,201938.2996288514
2188,113537.96702306488
1483,157524.38505424204
2557,93047.95862038578
437,355725.79285535286
2224,218831.95318980856
1628,159302.94060059014
397,138074.8949953324
587,191415.91105360736
2182,706387.5475511223
971,129678.81726147715
2611,143484.30794766394
1887,106936.29979536604
2399,371535.027486781
2148,192213.28045910381
304,122543.35369043224
1997,135751.1093102889
2817,102617.99082886003
1431,217538.8267947932
427,364708.36594647914
263,126044.19724146316
598,172260.43684236254
2895,212247.2704812694
687,139423.67704359887
1822,135849.43970051428
2191,114776.95688046869
179,121299.8010776871
1009,201903.73834569135
2010,140983.3533553509
1991,126203.91979702616
1411,187612.21613861565
1721,232604.99946800654
1144,192400.32490222802
593,205109.09440289054
575,321316.4279472856
1249,176713.29769511902
1604,122834.33649071894
1064,511351.24849607283
1923,154307.1123833272
1988,114832.24801603
2325,168675.07745470983
114,195662.55614818548
2700,175474.2947753204
217,130497.19923599472
343,174550.15617601655
386,214109.635309224
2005,124967.18981641473
2908,147210.43089023224
1814,221477.81832660636
2446,546280.1496355468
208,125665.9692754057
1679,108130.10582670037
822,333482.92176142195
6,196002.89122966546
1781,426360.87584003236
2397,293524.1752771324
2340,315754.1306262015
1618,177031.1075081898
2843,118119.72742696982
1061,376670.8134612134
2786,125479.63727943075
1935,143168.72879046248
1341,114269.74945547855
521,265969.64789510734
2136,135710.791621345
996,210794.92415375033
227,145166.35763211432
135,194428.7333950331
1167,169598.1088946798
294,223333.50369267436
1776,211977.30529241927
540,151329.9314125322
1717,203621.3999921181
2303,135839.00495371388
116,179388.7347984348
127,144033.1124893412
1371,131400.54169309558
1014,158709.41616885833
1507,109989.3176312627
702,121041.79789964555
750,147413.0719965052
261,149074.92427389443
1559,69771.04896983583
577,217425.20322371242
2812,193195.68750872076
2080,161455.4317896537
1368,108205.50742483408
2376,124021.6234738885
659,109716.9840339358
1235,138563.11728783624
332,73907.27705164738
1917,146048.37000017153
2094,253040.81626449828
1460,276665.65019396105
1471,220617.32551214285
1509,130827.60604279776
1922,139412.54611496752
433,518661.6317013642
460,256709.8812542673
1116,239340.75703424332
1137,159018.8139234266
53,159675.80050783526
2354,264109.180247657
1475,191514.64865803052
1761,611891.5984131483
842,144255.13876135158
2739,184063.98227508273
2509,145122.3393317283
1007,186615.47299948268
2610,184359.55264910657
1952,98448.59670073801
2719,156420.5811810058
2921,74240.94309222526
1966,148015.49624562796
292,111989.41958943602
1204,187495.3277980478
1829,265204.28486304136
2419,185667.16898672952
391,137300.33826981578
798,103903.06179427123
481,192070.11112975658
193,199851.42810410864
555,116374.56533733505
899,55174.29020841728
2357,178837.5879289015
328,129944.29245224241
1356,108287.32144619702
1154,108865.37440137209
1730,180556.7350763898
2249,165670.63666028163
1119,289039.6586104155
2856,146495.28325429335
1394,129261.27293366563
2587,113753.93490912367
61,340528.67399933026
2661,182727.2289282481
2711,134132.92666033085
1147,170929.96211900527
757,128059.85203990087
2623,120151.19107185844
2378,137123.62274179512
1413,144989.59657806286
1722,203545.8621577166
1112,226178.90035590093
1623,196483.76951863998
1201,192647.33734269615
1513,116632.17741525774
957,394301.91047721193
1171,263032.2409318872
1145,191334.6806106723
2726,231633.9656084382
703,140181.73197705636
760,104205.12487306296
1964,156290.19050606826
2512,167112.25157517602
159,145594.81794292448
1281,153380.5097123661
468,181962.9189888574
290,122116.48235420548
665,89160.71916105443
1463,257507.84350380523
1792,231741.79483621553
923,168220.7771844933
500,281077.67615014646
1408,185924.06765435473
331,94287.60183823161
170,115721.49422431455
2192,104918.50682298173
2571,327774.2328368886
2314,174296.37483119697
2647,86969.4122271374
422,443747.27776266646
2457,381124.4296960324
1838,204342.7008181572
2805,259950.0889762082
1645,151620.28254996968
1711,299776.9255205651
2825,240152.5751035466
322,351940.8427338253
2103,257628.13439844816
342,118635.48715016205
600,135126.81595417514
488,170915.40138091298
1725,324394.13782219315
2246,294679.9706926374
2847,153663.28422517207
806,229639.7728292704
530,229887.95964794245
963,186786.04824313853
2678,104257.5473932833
171,90332.90029434321
2401,438120.7246017209
805,216754.04569679525
2259,243447.117776153
1748,177165.37290743005
1361,145519.0069784817
1677,112936.46234565646
1406,152629.61292617835
2322,255483.692444059
688,152288.01794803946
143,140781.4346478429
804,201378.71687212624
1214,188548.74668233556
2828,140033.5174509861
1999,188871.063484743
2467,207253.97580959625
2665,154480.79370894225
1538,389822.97589223133
398,122193.45118593841
2822,143757.67619793027
2157,136967.03974695236
1856,195744.17853313487
1269,99937.19694264574
2570,116310.05138309361
2320,240682.4722955245
1517,141193.6215259325
2304,135310.38473171496
1312,98906.45133092559
2012,130602.80880166212
506,232682.17872733294
2865,214127.74952932785
2367,99435.97256146371
554,83564.13794696306
238,131377.0116284587
1954,107410.4144619441
2488,118078.70885655015
2291,70575.11549648532
1969,122549.86779342718
2725,171290.37288518023
1482,147803.33068593603
2763,196230.9722167344
503,250600.87570349622
1584,242169.95597204645
1531,149140.31353303228
2210,175681.45068946184
459,337568.2540975618
556,135066.4461866697
1347,120085.56710375077
1290,72009.318604415
1388,102704.51148509922
1571,306434.53950893343
2754,198139.18575654877
765,141715.16451651513
2494,136308.30455955505
2870,231173.6942470359
7,219866.63310597563
1114,253267.49384513267
2418,278242.27841888665
291,117598.87175581601
18,359250.59119568765
39,379281.7079368093
1001,253099.5095002241
2442,224316.13798522248
616,126758.00525878371
2680,89016.92172041148
1414,124178.56083249665
289,160122.63977458363
40,252066.9402147564
860,117831.59018896648
409,140143.5678497285
673,150281.3373531168
2427,178411.74847137163
2036,204377.03208633803
2564,140885.4961150075
642,142693.33188087647
1008,174085.98281360013
1908,139378.52391052217
2519,200196.9160828217
1369,79565.00922369218
2855,175233.8171574792
712,108598.35456064244
1943,110743.62081455979
1958,114087.89519283977
107,148704.6986177399
2295,193095.96702406002
704,102923.95765811551
676,150999.50092296797
259,178587.37971494396
93,284718.0205362119
106,242418.10533931322
2315,178269.80136961394
1050,92367.73521937607
1095,195067.31660604675
2709,148837.7770633875
758,117225.25023086739
1496,154027.84557111264
2370,118930.0923375349
2458,286832.1279868267
2733,131291.17429408492
161,243766.1912196349
726,148703.82819014133
845,200995.2171538363
947,241136.2063213325
2232,102898.07992891208
2563,142265.93962647137
2299,139123.47743133048
211,91830.18019292671
605,151602.04304164907
1478,193879.82738039648
2247,294548.24912248424
2274,220547.96501986173
2869,209923.0699458974
967,213102.17360269275
2656,128986.1986844884
667,203231.4273978784
1042,112413.37589617622
2023,165194.28262923643
2447,405057.00200423773
2055,144894.2750618413
2275,299581.84449650516
2204,170991.22814193976
1563,287145.53329128836
483,201700.9611644458
796,127501.66076829308
1526,160324.96069359704
2042,132221.65296481026
442,349429.593638749
1693,325703.6864172462
1468,214709.5093798954
1430,199629.8167587651
2605,128587.52536711817
1529,198233.0496271673
335,150470.99531448775
1287,125927.30353539565
31,98405.59544258454
1785,330484.45660848543
82,161699.20894650897
2620,124625.48028756426
252,178685.00925246565
721,63408.11604701287
2165,188120.4742009115
2316,192117.7764064045
775,136291.57810768203
1558,68859.76272162564
17,222539.6734271584
1022,217772.8519504755
925,135257.8664763864
438,279317.0995315303
1270,129009.34311168158
1272,136236.31191146423
215,124761.1425981453
266,228971.01606552786
2402,279561.6969981811
1250,125419.56504146669
1984,119672.65882130986
1279,147531.29860822405
377,241195.1669747458
1252,100185.93631903423
2156,266820.98383735167
499,328468.9470456012
1374,131079.82095423594
2898,268913.77745516854
401,115745.17837990793
2721,141721.106920032
2078,239883.6101169694
2589,129745.1131133808
1946,242704.28619873905
1334,119583.48388357868
2781,216821.4599450319
431,404138.5518920028
576,192154.04470706795
1474,204669.1497522293
2254,141636.31997373526
2155,279774.1791178502
885,103717.00182329463
643,146848.80399673214
1944,128416.86757734869
480,191722.12700851058
2845,95958.35589771031
2387,323347.07542265893
2407,203307.41058172676
2527,168141.76103961037
2514,142642.49927269135
629,141532.9770277142
80,202313.04166791073
1876,140883.5538153468
1546,128452.31497610432
2518,173010.453128323
2347,146265.1369335169
783,226785.1905905217
1322,41172.882552183175
194,86852.13097976922
1770,293726.23069222894
2143,156327.53279866982
1229,228860.58564564105
511,287617.09801364015
46,220081.06978124753
1348,161959.53249768258
2465,203693.76956643967
387,231472.2672341111
873,216777.7922174416
1918,135529.5190963261
2764,224797.2067944784
2184,134410.5951171511
934,127274.52839425314
1920,129827.30616124261
2631,148132.99131101425
1768,655109.2687407216
2040,116836.71861484321
1749,213823.7417741517
834,249659.436411175
1457,227926.89009547757
79,114937.04216537846
2302,132626.91397448175
1817,156714.55817245328
2755,233565.16845739167
359,176757.14089011724
2059,105215.06856623331
2092,236747.4033650911
2516,219208.8622124193
150,118917.68587717837
1656,132560.62926048134
83,90860.09561927071
2411,177876.30026760435
795,82280.02570167114
2312,224491.4096894337
2917,106851.05719574656
1624,169128.85430213035
2215,310141.60412506945
1211,150212.98841157593
1485,157932.5126361405
1024,167864.47859807377
570,196748.52321069554
2874,136113.78557932685
700,114977.67744643726
2756,209611.07077718098
2022,182903.90075045772
583,223172.8207821673
2392,375344.28922494815
2424,171335.52683409504
212,109044.15386045276
736,132157.0128689196
1610,167626.98363560802
890,120278.82274721359
467,177538.27618924397
578,219305.1365623873
1747,193389.2354282043
1149,150847.03197370927
2758,253273.4006524309
857,153632.359308183
2219,263167.070786871
733,88631.71629938783
2909,99243.149710679
1798,272805.0853809598
235,124447.27576574805
2366,120260.33777411203
1027,136151.06778667902
1195,138293.794292924
1303,72516.23944381152
148,187826.67893381589
608,164022.07537698696
2515,198098.3813368417
821,277852.85041933577
2500,262119.05735093917
745,109160.45463932806
741,123134.36901367747
1611,107783.64052628659
2532,128294.33440375485
1081,227649.99046020966
1692,469683.27907908533
2520,173088.57920079492
276,111471.5916365527
1992,131258.54155519392
663,83728.8631932085
418,127662.036044827
1733,200318.97909263792
2359,149378.24596376374
253,177916.45844471783
1518,170449.81393361668
2035,138181.12700877883
2919,74772.66299719128
1540,250453.45378589781
2120,146835.82003794273
1674,168390.04395654603
256,154252.4744044947
2361,125664.85089668768
978,69479.60789179598
2280,141807.5902100468
2095,221966.68312270593
1709,338181.9791296513
2801,246771.83844223077
1246,117578.30305207001
2373,93219.19354597204
1055,296556.33934313187
2017,124452.46085385581
1099,281186.48224364006
1344,90082.4180833082
835,199548.39515300945
1117,233845.7715948939
2043,88005.67955954977
2085,140344.4179944893
410,138991.84439598199
2650,112296.87961367297
2867,183108.47563611917
1668,117622.97623482114
1161,155173.2073818557
2122,165644.8225013153
2539,154661.9789561785
1047,140802.26166597244
1445,134696.78548374146
541,125576.50091472949
569,221254.20603461663
1276,116541.7051103535
918,158303.43643227246
326,161490.77155275794
1936,131005.93388005823
895,101897.96045163332
257,162165.27311838008
1241,181074.71035734809
1545,118576.29019346114
1189,162071.04014567164
270,144100.00228422997
2066,177560.8563581291
693,111288.87948058468
1259,134487.86866754765
2916,147709.67300583696
2321,300144.240502724
1977,82031.62296306845
1895,133122.43761095367
1240,173444.8198373405
85,157142.25824974303
1823,128850.76922576402
825,286315.32063371653
110,230883.42874260276
697,119776.9415023422
2297,124873.40986850596
1231,140737.55666463717
1355,135194.7477751091
968,347595.4821241442
584,224687.8057798392
1315,129007.11194972103
1606,146839.5748307233
206,91157.70647741557
1685,365365.02542275796
2016,143972.4548522173
869,201424.16657032148
2135,119404.94751405515
2346,173062.4738701841
2430,223959.7921163434
2198,93382.64279694033
2652,124104.27233144456
27,119876.53889367294
241,159879.41748104323
906,122939.1455444474
1506,131023.85949393763
2098,392670.8704010408
1435,225330.70182182413
2213,155956.73741031805
1274,135149.8386580519
743,32140.149602824153
1737,194184.28607081572
2797,274127.331387636
2185,69906.86678739451
58,167864.31497608815
830,199327.83037517432
808,109009.76133103359
680,145413.1583244556
1153,108418.33907165792
1291,132976.9901528866
1818,143638.33834609814
2161,185774.39522768027
1883,123080.51336604866
350,358896.47796994715
2473,143631.97565745254
295,186292.40850894307
293,182736.03726688278
859,133489.24633318343
288,65428.3588265938
1578,156156.9170392819
102,197595.6791617729
2831,126205.02211301959
1030,157192.8423328019
2551,149205.0564136827
1286,151813.76986109075
958,320558.9822599833
776,142288.74355440107
72,251246.24369079727
2263,263659.0824036081
1866,157653.7159858513
2876,75367.0855874817
2146,244430.10887506246
103,169839.99236426325
1500,129436.4525582369
492,177306.52556053147
167,154076.33857060928
2597,122035.27001653292
2685,114022.56871381434
1035,153959.18745506235
1220,90632.80737675552
2602,156872.04362303732
2159,204987.73617081024
695,125933.40803485143
1109,259610.65133212833
640,186336.77795589162
1652,145138.67818064016
2090,186455.05005483504
1188,169677.96101434308
2345,240623.34699348226
1059,419851.9150489133
2751,238004.79116344644
128,207437.00925312503
1523,188528.37492690128
2925,185475.71367365852
2145,304984.889228651
1121,222919.89610931848
566,263498.7065541211
565,235062.72790262155
1331,136772.15816641165
2928,133079.75143339398
156,143837.4756598911
797,141989.04627214128
327,90275.22967490053
2859,149478.54334558154
1453,128253.91674807452
1762,354364.9170488253
1868,203538.89456339003
1760,182096.7744488074
1113,236467.18851716316
1812,191587.28389104555
117,153401.03574070235
1142,194268.477147297
2342,414416.4012127478
927,149609.68871960382
2478,185490.03903950905
655,93922.21096497551
2064,123415.66611230184
369,266781.81133528583
2239,116169.73365530855
2732,215612.3105734639
1653,150869.30041917364
959,229829.7540394626
2395,351322.33215666644
1412,114464.13035315939
271,247415.32819608107
1484,147542.58323061414
1497,160288.24885421596
552,152900.82177020752
2,117742.36132299845
1855,305366.3514532135
4,271833.39244856476
2292,148388.09416445537
134,140213.7190915771
646,93558.057165545
42,307770.8379219159
532,225844.54154105746
713,93141.93507741454
2561,137545.64761631683
2360,133375.6664811445
1333,127107.48824342153
1407,234257.59860256218
2892,299494.3428261843
574,207680.94502898506
1227,174732.80043260235
2591,203792.5323755205
1476,210959.4011793199
1125,264734.4188391418
1446,148555.6931538158
408,123729.67212528255
1101,285934.8711737425
2251,192251.674973063
373,173740.51223184427
2554,133623.69385802042
2382,257459.27561048022
1985,87763.46790988029
519,232334.78902879808
1093,194674.45372441376
864,242148.3449176463
2889,138477.01364913495
2308,188657.88596975323
986,190145.68899391836
1302,144881.93150073092
585,151021.58259442434
2708,148883.96259329026
147,135943.9072757692
1441,219832.85380166103
383,190750.99041551267
285,144676.91201346827
181,105029.50751564131
358,189026.2553441608
780,169097.52880442067
258,189078.31366438392
1865,230134.31097562233
692,107348.3212665999
2902,343164.7289707735
508,264594.94555311464
2638,152254.45602737952
36,135878.46793314416
611,167688.30820543854
2281,159175.2664119133
1678,126511.03854105085
1696,477072.01055424777
1557,88783.40731127608
2180,167037.42802547387
1726,212286.65596156387
951,145546.86708904945
267,221283.00590224523
2706,133032.59390044893
2221,249898.9847739392
1357,178539.8109533525
2901,320757.0295743241
347,169204.4157584933
2164,182394.52553038442
1586,310221.28727020987
360,144088.00033019166
1769,251119.7134183169
2617,160491.9865053105
1879,121369.64476227746
991,236935.24273952117
1535,132573.39867171465
1191,128777.00923163029
1579,207434.36656332525
1882,142484.09198693634
1510,140025.8236456389
2196,137938.23507477547
1845,182362.86892918422
2336,403719.83437588206
942,85458.37424966326
861,130549.06738963752
2555,130912.72762265673
1392,161348.33471756062
2099,258784.28268580203
1543,111843.07412589174
948,290635.54872533155
1239,179917.0388147389
22,180869.22675380294
2796,241773.5823568678
2747,177425.65246910273
92,288041.20094348426
210,166041.6185916938
1858,195168.0614388413
2228,154554.26414519284
447,225299.77556979773
827,238716.67063990905
1649,188916.57283317912
682,142545.2502135489
2698,100944.09401678544
494,164660.63879309263
214,78566.71281807123
2441,240795.89255105957
2679,110061.7291498649
1336,121626.50916621085
465,168528.5825575575
1524,156867.26577637036
2543,106259.5752488789
631,142714.7583491509
2452,316860.075106082
228,162369.99530178876
126,181206.9388910122
1092,231662.85847947033
1122,221819.08176026482
932,229493.09507320198
1980,81904.47649005048
2171,113973.08645929808
551,160640.77475522403
2768,169470.03386677476
2056,112256.01163422446
1159,364434.31045859586
2645,109242.28029577933
1174,168682.81448278762
2266,204587.5424828471
2462,418685.14876331564
1219,143383.3555892954
2922,184978.0283644963
118,143560.0937056006
474,156615.1445999293
2576,146647.74453147824
872,283676.07650602795
1077,200455.73043116168
1536,146738.57116157273
1150,111869.80283343434
2341,334469.52628090454
1931,162715.5707398896
2785,134568.08354767226
2538,128806.71034155574
597,213105.47949854773
464,185299.45469386858
233,208892.83523222816
2169,137596.18958961827
2123,171826.308007574
1867,170401.75198048083
137,261375.0140539727
515,250183.58697256996
933,103770.00033468634
2784,169913.06792689097
972,166117.00114707774
599,173926.60937670237
2614,121293.48575218846
2582,143915.7745220053
1409,159662.48041412115
175,104375.23643508066
352,225881.3918584037
976,94243.2148431935
2134,187752.70641042764
984,121118.82039375317
2396,358434.5444949252
1673,134543.3737796793
404,122824.17271748045
607,166395.09959689403
814,141410.33378686296
868,180277.6468635173
2271,187064.7033202727
1633,234990.849592378
337,143050.4275983206
2765,188466.08884132036
1746,236554.7852294675
368,339109.43197278434
2806,203435.92573396143
1662,188248.7799540021
1234,209824.15802939254
1373,121483.70462172272
1672,119236.38509727328
1939,119876.75012219859
