Id,SalePrice
2658,136587.1180177457
2718,155722.63828950984
2414,213605.26487437388
1989,108604.39664713664
625,169275.0776759588
333,89162.2420828315
1327,116945.98657419058
858,156419.3430282579
95,187804.76368842306
1568,164777.27921495782
2482,145949.24027810074
1364,124572.79174714189
2584,133875.68400862507
818,305626.257128971
2673,159329.91414849914
2089,136532.65021515143
1297,157629.40210656595
790,119472.02077407204
2616,200373.37962113097
720,154788.88563824605
222,153909.81253031478
557,123680.39277305978
1148,187986.0386748844
2766,160613.8466503392
534,168977.78108213865
1452,123368.59350089998
630,112476.6463388548
2648,125689.1696432325
125,168699.026830945
1904,85749.99503216005
1670,105615.9460050235
756,81706.03130053742
717,246322.7881387747
1032,154794.57147895856
852,206118.24981056788
1731,177952.30369616146
2639,112541.74779339395
2071,98141.65387633644
1267,119624.11388250552
1851,196427.9819554119
567,158933.32138430982
2439,199590.22876988316
1898,149925.7489332796
647,151915.04128081742
2256,207535.87532778925
979,91078.25199093834
1444,213170.8232599256
2485,143542.86240434102
157,139857.32886329832
88,129869.11276804752
2003,103034.84663747452
186,206065.51185100008
1425,239102.26162973553
2695,133472.73803748118
738,102075.23609360613
395,156826.46993172806
1353,154830.00840027136
1878,141331.28629757493
390,159306.11902709067
1456,231425.59858875728
1103,328328.3595131084
1387,149235.95993890095
2070,134679.76890637004
1199,163270.01352705352
2479,167550.87554301487
501,316616.9144983309
2362,100641.76861944646
1718,200418.22026027815
2188,112539.91523680108
1483,156288.8748239953
2557,94430.85683409731
437,353165.383296969
2224,209872.19109706706
1628,153779.30411586323
397,135818.03480053134
587,191258.4143825003
2182,696467.9023194357
971,132510.09853885608
2611,134568.33004145173
1887,108459.89952025899
2399,376276.46507068945
2148,191664.3525381677
304,114677.90104569051
1997,134129.81226276018
2817,101872.66307380666
1431,224018.02012899067
427,372165.9676399898
263,132168.59678938144
598,168085.24756595131
2895,220364.4532037318
687,139196.51000142872
1822,129907.04309285457
2191,119998.81275662014
179,144455.608994954
1009,197044.22964657104
2010,135858.82625505116
1991,118269.70875477823
1411,194938.5523781728
1721,219847.46876137675
1144,193538.843488865
593,204691.98173339138
575,319712.9304040638
1249,172097.9733821351
1604,132680.91306258616
1064,518617.86225320585
1923,154480.46172418195
1988,109095.6592043117
2325,162888.00617999834
114,199598.36763955723
2700,178823.24995782075
217,145304.77278379104
343,171423.5968173541
386,211495.92149929583
2005,122802.94305972612
2908,151326.19286318345
1814,215559.647319843
2446,540277.6544051148
208,126486.9988689392
1679,113521.59889918708
822,338968.1421922251
6,196473.50257870607
1781,427876.94147982856
2397,289993.84240100463
2340,313904.4991794876
1618,173732.07062401238
2843,131111.0405876795
1061,374174.35817430285
2786,123145.67225032818
1935,138445.84060680692
1341,107110.79810940081
521,265590.4401269001
2136,132076.66028110945
996,216058.37493391856
227,140754.5595931676
135,200598.16981006
1167,167178.25854271417
294,222064.12469463405
1776,212858.99834135966
540,154475.0241168993
1717,201189.48531042683
2303,141297.4994410008
116,181289.7026580162
127,143536.84221835918
1371,138679.95361905656
1014,153260.4164847855
1507,108021.68935399764
702,116353.4511166662
750,151393.29952123974
261,141653.45848577016
1559,70132.90444386411
577,207125.9055277818
2812,190985.6230767158
2080,159533.65043751313
1368,111875.65047020321
2376,133885.02451781006
659,110523.83764012522
1235,136249.83368868733
332,77127.45474253732
1917,150433.5196104328
2094,251080.3151946809
1460,271779.83222677466
1471,226719.80763474831
1509,128028.75280341244
1922,135585.2149853679
433,524598.273339901
460,256101.14483081707
1116,240913.23372822657
1137,162876.74211048038
53,170749.41801089837
2354,268507.0722461414
1475,191271.55644851507
1761,606668.1454862801
842,142199.62230819074
2739,182779.7186783717
2509,140298.88573475552
1007,187054.13168813687
2610,182908.31046928046
1952,89864.0153391032
2719,157745.01256762847
2921,78474.24312574898
1966,152694.51548980945
292,116175.53020791229
1204,187767.255670036
1829,254125.71682109733
2419,183155.16693643693
391,148690.83995507128
798,106439.45042153432
481,188999.52195879465
193,197105.7357400076
555,113682.06461118122
899,75969.18216327384
2357,183096.10232512862
328,129155.00644497687
1356,102072.44342457301
1154,104699.6934616592
1730,178989.13846887692
2249,169559.71313086883
1119,288953.04665630707
2856,142230.271284744
1394,131642.73866064264
2587,112235.85757570753
61,345774.17523372645
2661,185128.68446103632
2711,130254.91427357322
1147,156824.7036827118
757,122871.9902855188
2623,126898.22808172338
2378,142129.4437923845
1413,133737.43837075948
1722,199149.67324753132
1112,232640.4236724948
1623,196359.2225358701
1201,194610.64335678794
1513,117352.4938029222
957,376502.13054839463
1171,265093.690963069
1145,183830.4930656264
2726,229351.49602159217
703,133415.01489899965
760,94918.04042373114
1964,157542.18448084133
2512,166111.79326969988
159,148018.4776636815
1281,152082.87090367536
468,184493.53987030775
290,117986.26976748527
665,87729.40959276636
1463,248383.87279277842
1792,231996.0391369022
923,175593.8627554617
500,281745.83257859887
1408,200579.88571847917
331,92688.08243576933
170,126219.86088270324
2192,106143.02874125485
2571,326300.74856199767
2314,175083.34578501066
2647,84404.68404934039
422,454813.4419062538
2457,379808.6532014393
1838,196933.42938744475
2805,258935.0554317894
1645,152371.1581145028
1711,295869.29307385033
2825,238293.03687920334
322,331222.34082352335
2103,257847.30285697442
342,120403.6230332042
600,154788.2884891777
488,172829.89068379882
1725,325518.4230531925
2246,296262.41374019324
2847,150000.48700736213
806,225487.84442686438
530,231870.17162699503
963,184564.6882788595
2678,99461.1855892802
171,84960.97297963129
2401,437707.74516692455
805,221325.91152784662
2259,241408.20383194892
1748,180118.96604676946
1361,145540.9842672297
1677,111648.6987315629
1406,150103.01227260323
2322,248367.38535133275
688,148832.3090246643
143,144649.03778371902
804,199082.58733680085
1214,220533.8420552878
2828,139755.89722088326
1999,172676.20213651503
2467,209044.74592375653
2665,156385.4036723835
1538,384548.88915206416
398,126087.99834496656
2822,149205.7532945528
2157,136682.62519942905
1856,187031.91796213994
1269,101323.71442894985
2570,117094.51876019328
2320,237050.53598228193
1517,143731.16175339324
2304,131837.26982119505
1312,96736.33140000145
2012,122027.24059969521
506,219261.12510635567
2865,219106.11234557367
2367,99471.6656180686
554,96498.27513284012
238,131741.48603287776
1954,94459.59813059945
2488,118349.21915142759
2291,70382.18313534104
1969,122811.72424256915
2725,203799.85177859964
1482,144506.45332565668
2763,195701.01060996935
503,249332.30614933936
1584,245357.02390829116
1531,144136.79070420226
2210,172315.49737314507
459,336671.64682667155
556,133123.65952825334
1347,117811.20683524839
1290,79055.4056355565
1388,96128.84284605102
1571,303196.45861918543
2754,199776.74973398403
765,148252.28293761238
2494,138444.45809640147
2870,224972.37586527437
7,216453.09422255435
1114,252204.87751509884
2418,279369.857238431
291,127552.0474412195
18,358098.2647960463
39,387646.69210847095
1001,252774.59707685126
2442,225218.62038621528
616,112269.87615793257
2680,82836.91618411108
1414,126011.03364438731
289,153950.42665811413
40,252126.52961402907
860,115316.8921863283
409,143085.14238389037
673,145978.75723625266
2427,185495.16570169516
2036,194903.06749378922
2564,144175.37346655177
642,144878.31879483152
1008,168149.0553771253
1908,131485.4334094357
2519,203799.93040185032
1369,72194.52091592766
2855,176765.52312862698
712,111845.3321182477
1943,110109.691260493
1958,108605.4392263784
107,161073.4072688961
2295,201920.024362356
704,106153.43117896993
676,182151.75440356243
259,175643.73194576328
93,283047.0157463971
106,245993.1740326413
2315,181477.8718391823
1050,94699.31009575291
1095,197380.26543754977
2709,150544.38944330206
758,111567.1723132354
1496,155000.27358763898
2370,116340.6953657424
2458,285846.6542782977
2733,136958.6395017038
161,267683.8132143908
726,155022.7003082186
845,201865.65499243996
947,238209.88370303938
2232,99845.44955200973
2563,144976.12778970168
2299,137155.4654876149
211,100051.12721793553
605,153166.6469735787
1478,199938.64666846846
2247,296232.6752210501
2274,224183.1165823148
2869,204624.15135491372
967,207544.83818585565
2656,133875.4781543129
667,209311.3776154837
1042,112800.77210620636
2023,157836.49039487657
2447,403355.9213669853
2055,143305.16349169932
2275,301856.36824793386
2204,167184.89232384652
1563,295708.2882748187
483,190232.0531048933
796,119788.00169556013
1526,160712.70350885534
2042,133308.8037555939
442,353174.452746737
1693,324216.09416119
1468,212751.95432498676
1430,213329.88634745474
2605,132967.04195551598
1529,200261.52139759614
335,151935.08261026046
1287,124126.65864707166
31,96613.18807259944
1785,336903.77059572435
82,163318.66395205617
2620,137374.53997991688
252,177958.6993052375
721,48476.22824772433
2165,188349.47593190984
2316,193704.26929544754
775,130530.5046428323
1558,58905.2556206993
17,219615.82110971626
1022,220030.2959244634
925,133402.25687830237
438,282619.12240118906
1270,131797.12351190837
1272,135514.25928913383
215,114384.53076526106
266,236265.39036811647
2402,280688.3173891186
1250,123053.46409618051
1984,115420.11491692923
1279,151871.13306269655
377,244097.74495095876
1252,106499.55781663765
2156,264006.1949257834
499,327429.94103362056
1374,127897.05088794757
2898,258855.04813868698
401,113552.00249735819
2721,132488.1888186103
2078,233714.97388341642
2589,132194.20724855896
1946,246229.19605633477
1334,124378.091345047
2781,215521.5187355302
431,406870.99871466204
576,196574.0751419824
1474,203646.7660069649
2254,138327.96315345573
2155,277472.4255234756
885,110500.4683192083
643,141356.9308650164
1944,130879.71066271747
480,194768.2663869868
2845,100532.64719469516
2387,326777.7205144323
2407,203472.00233005075
2527,164647.18446661156
2514,140784.0872071761
629,139321.0175781769
80,189770.4894550585
1876,135928.310183312
1546,130986.29571533538
2518,167931.29859929509
2347,148090.1983147249
783,230414.0217348614
1322,43515.29839851172
194,96576.29358245165
1770,290963.40109806857
2143,165672.7952646917
1229,223618.76784093698
511,288863.9374499539
46,221063.86505602158
1348,158886.43298522313
2465,205635.73267608485
387,234971.33186975354
873,222082.87788375793
1918,129062.5894933836
2764,218572.30057951884
2184,137442.94290082704
934,135438.28238345883
1920,126239.37213269556
2631,157650.72578720056
1768,666541.3277557608
2040,123457.91845338207
1749,215453.85893570184
834,248768.766866451
1457,225471.948885668
79,116103.27079119033
2302,141745.42103241122
1817,162386.35983515184
2755,235710.12169372005
359,174407.79607038313
2059,97123.19010161764
2092,233231.69474068395
2516,218815.84275561405
150,116161.9303623058
1656,141153.81505205506
83,101450.49452605942
2411,180401.97638034858
795,72726.59896763046
2312,222994.74290841547
2917,96573.38356788244
1624,162100.7654511638
2215,316966.9820422422
1211,153589.23310196394
1485,162243.9181772553
1024,175404.27128205443
570,192736.387863782
2874,138670.57692307778
700,124776.3913763794
2756,210156.4569009403
2022,190874.62945455263
583,234861.56845897666
2392,375178.22752944287
2424,173401.66683580447
212,105591.47917886647
736,131662.78614052368
1610,175340.39003611592
890,117825.0060806206
467,174441.60593358017
578,190977.9853503798
1747,194984.55569536472
1149,149584.08993080436
2758,256544.89179436484
857,154782.6529713221
2219,262051.9891941453
733,70432.17642436658
2909,103160.50318660011
1798,275441.5147114085
235,121676.83607755114
2366,120972.70719439349
1027,138889.4577529746
1195,141217.9838438928
1303,74697.90521278777
148,192172.53713705516
608,159963.40077179403
2515,191607.41656299707
821,273433.159625523
2500,254557.29486495082
745,116739.5685934462
741,128960.86374075044
1611,95478.65907910049
2532,123904.30764354301
1081,232501.4240127828
1692,474620.94843931694
2520,181591.70684123563
276,114636.41969942607
1992,131634.71228550206
663,84922.14365158006
418,136294.98669060168
1733,207016.7916216357
2359,157359.64584386125
253,174103.83729430087
1518,175912.95232154295
2035,134856.1054690328
2919,75217.65248761517
1540,247324.15768207907
2120,142844.01439311838
1674,164877.57467914533
256,158310.56428310295
2361,126665.4106155217
978,64789.97385963987
2280,149728.02863377432
2095,213881.38347977167
1709,339806.4065118
2801,249267.41443741106
1246,119056.50709706725
2373,96089.5437195959
1055,304715.0233274692
2017,119397.39241063339
1099,283930.476166511
1344,91248.88397665715
835,198490.95396361337
1117,231801.63732258967
2043,88853.66255475138
2085,132051.52443154142
410,145071.62546149362
2650,110710.35437666273
2867,191019.05950525406
1668,119979.62299177307
1161,154683.9873117175
2122,157613.78780223322
2539,153073.62767041425
1047,144165.45505780188
1445,136998.32221753531
541,133183.62505206186
569,208719.93078424415
1276,119725.23409609684
918,152720.35471360572
326,166886.16412172277
1936,131215.41844702646
895,100173.00921592781
257,165527.63296503274
1241,181612.23230762166
1545,132454.81038607645
1189,169159.1538072183
270,143618.1302813517
2066,170934.3870380714
693,116645.81207289736
1259,132478.0445582913
2916,148845.67290935153
2321,300193.5177815261
1977,77152.00473343601
1895,125378.95865510657
1240,171245.21666352663
85,160398.06616180134
1823,136623.3489092437
825,284593.02766068623
110,237544.83401082887
697,121070.82442775214
2297,120599.85010907319
1231,145878.9433834923
1355,131273.15987145383
968,351282.7971037496
584,235774.39747494253
1315,135345.22796316285
1606,148057.69866225251
206,97548.27135188479
1685,367951.6424167792
2016,141809.04067214442
869,197330.4578160017
2135,113423.33945402419
2346,173869.22052226294
2430,227504.61988556772
2198,97828.2749573987
2652,127343.46727796033
27,125814.75201119637
241,156091.455690508
906,119972.46327834603
1506,134982.09543511402
2098,391874.9125516142
1435,226306.38871485658
2213,155704.07347363452
1274,135620.9064136893
743,19156.30014995759
1737,194518.4835975311
2797,274701.43442199245
2185,60337.77402399898
58,172233.78850490748
830,198935.05935490446
808,113443.26007543354
680,153375.25962320183
1153,110288.18637028524
1291,137409.87871522043
1818,148197.814826555
2161,184176.63406670807
1883,114543.29334081692
350,356046.0842156525
2473,146412.02006726904
295,184459.18449478125
293,178221.5546399045
859,136895.91924028558
288,76647.19697901147
1578,157362.80876383744
102,197974.41888054062
2831,120580.25491669611
1030,166271.53034523176
2551,151065.6597278967
1286,158930.25201065102
958,321031.8946946444
776,141836.94184093337
72,256859.12914135828
2263,266149.58633385494
1866,166013.28726214633
2876,82336.74976494933
2146,236600.4091188532
103,165584.16712112256
1500,131511.0725865313
492,174259.91679207498
167,158451.64432913842
2597,121802.84208270456
2685,122025.09395581685
1035,151246.47433109497
1220,95246.50763094146
2602,153210.44919264677
2159,203706.23171415468
695,122289.94387714594
1109,258691.15975272213
640,181707.65145130912
1652,143565.1808936552
2090,214392.27388968403
1188,181224.15554277238
2345,227340.67439142946
1059,420672.0570531916
2751,238169.2102793512
128,207421.40662880123
1523,188446.51437139657
2925,192137.64372656267
2145,303828.2126847773
1121,227288.4364175779
566,261256.6312059129
565,234509.76475430114
1331,134784.4834563897
2928,138019.44262178993
156,144317.0313784952
797,132248.36364443297
327,90194.80080800717
2859,155101.17531065343
1453,138669.6306110904
1762,350884.26004207344
1868,201464.76827519524
1760,186730.0664272901
1113,235655.2705581711
1812,189196.49899000482
117,161580.5546930786
1142,198196.98128021436
2342,420587.076875789
927,155610.0214760752
2478,189256.0660085326
655,96198.76650563703
2064,123971.62094357592
369,260912.18237146953
2239,121262.70318807501
2732,219748.75122741086
1653,147436.12535144578
959,230011.91918308387
2395,353207.239453644
1412,114589.02914936678
271,244442.93023280095
1484,152184.34995707936
1497,168365.11963166267
552,146501.1160778466
2,123495.13875991826
1855,308405.5146065648
4,271122.37973660335
2292,145467.00924051774
134,133033.76560262652
646,91825.42510883114
42,317532.0705239178
532,239594.57443269563
713,96136.11421788449
2561,138840.1511069801
2360,131200.95687692208
1333,121725.33004160022
1407,239993.81271496337
2892,302100.349745535
574,204066.39808872258
1227,169168.4229797034
2591,213271.40429078223
1476,211002.88037856366
1125,264009.2641602595
1446,140246.3495365065
408,125541.21495643313
1101,283649.4168080575
2251,195670.022466044
373,171285.30230162162
2554,138599.40933359528
2382,257096.40601448787
1985,80268.38244404351
519,236870.76244464517
1093,194350.87486518663
864,239628.50132343388
2889,144764.62678314187
2308,187300.3124438365
986,205107.81192839262
1302,152088.93213862646
585,145172.94647750992
2708,151954.80934044323
147,133537.94211551148
1441,220654.64486209909
383,204567.61222801908
285,153961.63517739193
181,98408.8362768855
358,188703.31438485644
780,173467.98836680542
258,186462.2369473617
1865,231534.81881791505
692,102144.84324405601
2902,346396.97439435543
508,274962.320976919
2638,155455.26395601436
36,140913.1897585304
611,167413.7168576622
2281,159131.8098807998
1678,126906.42533883073
1696,481346.3682756837
1557,65381.64265068638
2180,165891.63865898328
1726,206153.10546406463
951,147468.31941222394
267,221051.79237511687
2706,135020.97459090105
2221,251009.2849305921
1357,187767.74062181727
2901,321540.30870566465
347,170867.09305109753
2164,183358.22510362693
1586,308409.84303493745
360,143272.75525798835
1769,253666.7560963179
2617,141490.8393138558
1879,123485.43231289818
991,229453.3588793621
1535,136889.33320528164
1191,141016.8384916635
1579,207497.80923890453
1882,108592.9322906966
1510,141436.67214101722
2196,129541.94663072767
1845,182504.16565558309
2336,398857.53082196927
942,89884.86032567325
861,125578.60111809144
2555,141092.61146646034
1392,170685.61946158
2099,258073.6032412229
1543,114788.04024550717
948,298329.7970621474
1239,181868.18486193067
22,191714.1458506255
2796,238977.54773389624
2747,173828.72805403668
92,288737.9337034436
210,166703.25672758953
1858,200877.4858330917
2228,163497.43822016375
447,226660.56824566115
827,241818.81818913692
1649,189976.2613517658
682,137809.78898712317
2698,99911.2301810778
494,170120.49151364772
214,63278.90426171539
2441,242812.77301435283
2679,118421.10140877473
1336,125667.3549085705
465,164869.89283851476
1524,155914.04837569408
2543,109844.9077078025
631,143241.3865463017
2452,318992.5266634282
228,150260.32794250204
126,186999.0830112105
1092,229305.51589501865
1122,224168.186217151
932,217125.5165801001
1980,93270.21066916296
2171,114996.3933099198
551,155034.5442897064
2768,171650.29448180337
2056,115000.99206514476
1159,355893.27810351853
2645,111362.76893929647
1174,168350.337500804
2266,197899.4667702621
2462,418352.88189338363
1219,144360.43098892667
2922,190572.59892465945
118,147646.707937292
474,157948.79178649397
2576,144555.32898763224
872,283100.72908043844
1077,197009.21014789806
1536,144912.7413755827
1150,114177.9242428017
2341,334947.8054517064
1931,163181.24160471486
2785,137631.43347153554
2538,126916.05210435731
597,207322.86330419383
464,182951.0768993348
233,236225.93777471167
2169,129186.36489149672
2123,168996.29568302224
1867,168274.4015835451
137,260378.59626579928
515,254881.20076348225
933,108218.76938571468
2784,162920.4840355571
972,165437.35584804323
599,179013.14402565933
2614,115135.53355535287
2582,152371.45405731705
1409,157847.01382575824
175,111143.48279470732
352,227869.52258970303
976,81814.40994148988
2134,183980.01040160135
984,123578.33966550785
2396,360334.6929597936
1673,135646.15773533523
404,124566.99557737351
607,165634.16853342424
814,148558.98109159106
868,168174.81795673465
2271,189129.11912706777
1633,224868.20942654274
337,158660.2301265412
2765,177697.10580705776
1746,231464.35672280192
368,340660.8544641974
2806,204127.18048881867
1662,204028.7522130431
1234,204346.50932618158
1373,120156.27133405104
1672,119086.24828332731
1939,119847.02895095368
