Id,SalePrice
2658,140692.96100002417
2718,157632.8162213918
2414,214043.03306190763
1989,105624.2806557187
625,170032.39983249467
333,91479.37723446754
1327,113789.73805714097
858,151871.61942698172
95,179313.26846565664
1568,164547.7088036964
2482,146955.32673878173
1364,119578.04538662979
2584,136323.34829755002
818,294937.5685519383
2673,160072.8221400543
2089,129963.89111589239
1297,165801.8998745227
790,119053.51731968418
2616,195396.4583812906
720,170830.943649725
222,148805.04413456566
557,123090.05962797902
1148,186990.4048266799
2766,159370.58442312788
534,178277.29317146595
1452,121626.54108592783
630,115434.74784779779
2648,116660.92540284205
125,163285.830499147
1904,76228.66560642503
1670,104947.28277113344
756,92221.8500733652
717,241359.28580224555
1032,156946.8737280101
852,204072.85033166248
1731,176877.8619451755
2639,114731.34819071204
2071,97313.50193511038
1267,119249.5454806628
1851,189337.0347595666
567,158888.76426651594
2439,198520.85380724713
1898,148040.09731639107
647,160030.37989354512
2256,210772.5910814859
979,94969.73110117829
1444,211337.33583543843
2485,131352.58945193273
157,135044.02243451372
88,129247.0747078176
2003,108138.61961628222
186,204192.20906146255
1425,240409.4036729416
2695,122736.93194388956
738,105090.33418503645
395,155473.76409073314
1353,155974.74266877526
1878,136801.95003681045
390,159328.93342700115
1456,229453.14448867267
1103,323913.88827210414
1387,140720.53969828336
2070,139303.2874665523
1199,169685.7266170739
2479,166740.91722645808
501,311159.03541849565
2362,100213.82784256678
1718,197712.43108729407
2188,99278.76234112256
1483,154688.7996068135
2557,88769.12369310703
437,352136.5888708236
2224,201257.35907510252
1628,154678.1070690119
397,133999.22483783797
587,197111.33677878
2182,708269.6544683906
971,133618.5185548891
2611,143962.10703893017
1887,104686.58545810635
2399,368003.831056671
2148,193038.38346982995
304,119099.12570781205
1997,131624.7296022983
2817,101186.2192994098
1431,220977.36752196247
427,370591.99471476115
263,128224.24086509495
598,170897.51751029605
2895,227057.9731222592
687,144294.03776800365
1822,135132.4068575632
2191,112524.96623953014
179,128612.04375988911
1009,210518.5406200211
2010,133656.43638694886
1991,125839.7648428136
1411,188261.53405242215
1721,221023.70385859013
1144,190157.3493934792
593,214186.9368069341
575,317458.0213707674
1249,167701.10101278446
1604,138229.52242570638
1064,508644.868920926
1923,153970.0077470017
1988,116524.38293849173
2325,163663.75369309454
114,197696.05687177292
2700,180584.48119606217
217,136290.39095776615
343,178126.0152707058
386,212379.8013186581
2005,119164.19381343201
2908,148427.6723326703
1814,228113.12221548433
2446,537198.7546787858
208,124365.51319889765
1679,106318.41947522227
822,340685.8388676493
6,198704.62657747668
1781,428806.18718253286
2397,294219.5350372208
2340,313311.61799826863
1618,170006.02297195842
2843,130602.35957101428
1061,379558.8789714833
2786,122572.32078128072
1935,137316.81947395278
1341,113736.10834563932
521,268942.8008479498
2136,129020.7494919098
996,212264.3514955113
227,144073.05977810588
135,191959.69997771256
1167,163663.0453744209
294,223030.72147438978
1776,210762.9266955724
540,161207.61579014757
1717,207605.85203323033
2303,137466.1250164825
116,183080.4433630561
127,136995.785083615
1371,130048.77516913606
1014,157799.90949408902
1507,109512.55697549453
702,121202.71071048532
750,154129.95393630708
261,147223.496541768
1559,72524.95100933163
577,215709.61133041186
2812,191727.06273659537
2080,159331.45465389788
1368,109143.69560727045
2376,123748.69571680643
659,115617.22630414492
1235,134215.4206457247
332,79892.70650754076
1917,146747.5679127464
2094,254637.1145852075
1460,272154.30723048426
1471,221770.9674731151
1509,126768.94372133282
1922,136123.36148466583
433,511449.09329212335
460,263460.32202223444
1116,248823.23874592438
1137,162984.72782680573
53,158135.95117644165
2354,262929.7659052466
1475,188891.21526918036
1761,606199.0812167189
842,143462.75462042846
2739,177205.9744704833
2509,139630.7069747802
1007,192505.34309626734
2610,179693.16135371823
1952,93655.91605787171
2719,162549.38453361
2921,80644.90044336284
1966,151430.95041133527
292,112357.7553556782
1204,188998.87878393198
1829,250047.77489580508
2419,190162.58568032848
391,142694.0425485034
798,105459.11575561338
481,192558.19711540066
193,194977.95009702578
555,117879.3558202798
899,67873.21217925783
2357,184189.1876701376
328,129115.36811792568
1356,106587.13074796287
1154,104673.28376842302
1730,176239.7760198919
2249,160627.6657939851
1119,289911.83003551274
2856,138792.2642932441
1394,133038.24130209797
2587,109096.81466778845
61,333634.71196855983
2661,182131.86631325362
2711,131906.48528014956
1147,162853.88132657716
757,121263.24159589817
2623,114701.48905383269
2378,135777.86803417705
1413,146832.70121812288
1722,204938.77146317041
1112,220061.50897634975
1623,199029.20133256272
1201,192912.09081145504
1513,117355.18880153718
957,392207.3267085724
1171,260156.39374487335
1145,188472.28351339628
2726,226919.83485331995
703,145345.98228634242
760,92825.41266990462
1964,152047.79217362136
2512,168363.7735130281
159,148068.91909972928
1281,163412.56102306888
468,181317.8346022328
290,120663.01190696738
665,90283.27178127952
1463,257267.4559165256
1792,227737.03086868767
923,176895.3915214962
500,278502.7466871119
1408,193673.83742710762
331,92186.85317517733
170,113753.99480962312
2192,100601.48877891334
2571,328639.5902135145
2314,172901.6860872447
2647,81585.78947770983
422,446773.47171421937
2457,379307.1024650292
1838,201000.4390050705
2805,262271.3237290433
1645,155854.8706347727
1711,292374.5034128816
2825,239174.92530970956
322,348847.02367726737
2103,260349.47058040512
342,122283.04790182118
600,135108.27816688342
488,174332.7476220956
1725,317966.95839466434
2246,301786.9874281924
2847,153907.14447187076
806,230878.33966239152
530,236290.21445137344
963,184818.925415299
2678,94703.46594223376
171,86740.4084824892
2401,434933.1795383426
805,219522.0307057467
2259,234477.13999172673
1748,177368.0535000181
1361,140767.17041365177
1677,107741.80700814811
1406,150509.46312940106
2322,249192.60356559677
688,153660.4002993706
143,147746.27578407573
804,196551.04917478768
1214,206553.9465535659
2828,152706.85204003679
1999,194845.39362632966
2467,207655.5884404968
2665,161069.14611502996
1538,386476.5189798478
398,125070.77329177095
2822,145023.83892037268
2157,141600.6119523033
1856,185246.77909056543
1269,94999.44361989968
2570,114156.09157505215
2320,237652.24853933539
1517,133337.35879699452
2304,132167.76653076283
1312,94625.37187676184
2012,127358.59616088099
506,231622.70062157328
2865,209667.59873620968
2367,95270.69618166875
554,87461.98799527666
238,137100.66893450753
1954,112290.09883515979
2488,125199.50461045619
2291,76303.42909547748
1969,117710.89450465009
2725,175453.43428948324
1482,143117.18696304798
2763,195507.61049924136
503,252403.14226435227
1584,240829.69401184868
1531,144637.4055107632
2210,173127.73679362025
459,339092.4912623222
556,131549.3216778541
1347,128300.10908557399
1290,80029.3362350776
1388,101423.885124022
1571,314542.9820159265
2754,199718.69227659603
765,146169.83332673967
2494,136953.16268734352
2870,223012.93177373233
7,218557.9420604637
1114,247931.00208852784
2418,279414.9088255167
291,120217.12248993776
18,358332.91786828166
39,376734.53744990524
1001,257897.738723234
2442,225777.04986264912
616,113991.72876932679
2680,87569.86369994018
1414,122181.9074269741
289,147243.9175792334
40,254967.13076831907
860,118590.38235859969
409,134751.3109958896
673,153381.86323795747
2427,181467.0416191899
2036,204399.10860974368
2564,139950.0112534155
642,157292.27135091508
1008,168739.14467239962
1908,135906.64340426202
2519,202879.20571952217
1369,76780.9857282754
2855,175859.11329686406
712,105862.02486110303
1943,116057.64026746605
1958,118148.06295368518
107,157875.84542322936
2295,199457.82199251087
704,105213.56694157513
676,157124.22850044098
259,177984.32165117434
93,285335.7896583092
106,243768.15710513195
2315,179957.73660160275
1050,103899.54586895429
1095,196660.07529950718
2709,147089.29695761457
758,124608.67094330213
1496,156434.29034429777
2370,114015.56448907818
2458,283108.70156537276
2733,134776.87065299315
161,265542.7984860119
726,151405.8995598617
845,204879.7614146122
947,244699.8551004254
2232,106488.28963052525
2563,140078.19872697338
2299,149121.64262512999
211,92958.15125259025
605,153292.47583026608
1478,194051.5281330412
2247,290636.87877192796
2274,222377.91408241255
2869,206313.6102593572
967,208647.86275187175
2656,130241.43543047892
667,211854.17134135266
1042,110475.5125989528
2023,154226.30132221308
2447,400120.1413140473
2055,138182.36153049677
2275,299574.2619572495
2204,165101.63337120035
1563,289501.4034693846
483,205917.9793837955
796,120423.70748628615
1526,157340.11704403354
2042,137604.73853935435
442,350819.6053367328
1693,325427.96023729397
1468,211912.70857591077
1430,199230.52743723834
2605,136007.75598603528
1529,198188.9185524803
335,151786.89056687686
1287,122886.73451662468
31,94271.93023881884
1785,327193.166363986
82,159236.55503261118
2620,130046.34906321051
252,176455.71168648772
721,63634.274989163634
2165,184677.839216418
2316,192237.24882274342
775,134988.28879080532
1558,62378.72312592578
17,214856.48689031275
1022,219065.24294074293
925,130644.2758265969
438,278322.4878756923
1270,144654.67941217974
1272,136300.17331970076
215,123102.44266076684
266,226473.6994963153
2402,278975.14794262854
1250,125677.03462703543
1984,124812.376573893
1279,144146.6113433134
377,241393.74803564086
1252,113662.25813670235
2156,258307.6382512593
499,323250.1716925199
1374,127270.94619125
2898,257877.11280356618
401,118376.52792483628
2721,146050.553393442
2078,228763.07389553663
2589,126480.4505134827
1946,245232.31941481712
1334,121480.43466296929
2781,217340.72550578526
431,408019.6714364585
576,199726.30515797707
1474,204706.95616149416
2254,145737.65704534797
2155,274541.84531665535
885,104862.80411925896
643,141109.02302379016
1944,124716.97921844095
480,193798.24350965215
2845,96028.4181298803
2387,324602.40684022097
2407,204259.02414486156
2527,167575.81085897292
2514,141468.92072965045
629,143105.54943242477
80,195227.5335563516
1876,134812.8071039236
1546,128175.03312327359
2518,165621.50318236777
2347,146985.69349994784
783,225338.79116571895
1322,42781.21703406429
194,91009.69665675504
1770,295217.95322024176
2143,154651.03626961494
1229,224854.93929860886
511,287757.99095885386
46,223781.53813923168
1348,156016.51587252162
2465,206081.13108482235
387,232763.03449686978
873,216178.18165622326
1918,128234.49896564454
2764,225367.06826338236
2184,128303.89952014765
934,129219.86045414422
1920,134378.22451177117
2631,155520.13477474567
1768,660816.10105372
2040,114541.21331792412
1749,211842.44822276908
834,252120.0433243358
1457,224365.26833361204
79,122218.69454984105
2302,142246.2703106277
1817,150056.39175081108
2755,235490.59435210653
359,170748.85809464575
2059,105099.97624115387
2092,232322.18810129384
2516,215910.8927841835
150,114616.08288109089
1656,138083.16809643403
83,85527.12405516498
2411,183336.84371631217
795,84812.78979012651
2312,223247.96686390194
2917,99740.14446060707
1624,171939.54827524596
2215,309782.89595595014
1211,156786.96457677972
1485,157153.61057939375
1024,171729.42054247553
570,190712.1431798224
2874,134558.1202981273
700,125608.55638542201
2756,214785.8530830338
2022,183349.83667197445
583,235709.59870548526
2392,369407.8369417711
2424,169910.5792008041
212,115388.92717661196
736,132621.2979421189
1610,166835.43047167914
890,119807.51026284389
467,175490.84193980627
578,208552.45573150783
1747,196650.07610154033
1149,148445.76019886442
2758,253520.9201715743
857,147575.4503360763
2219,260689.5318234521
733,90399.00850496689
2909,103802.4922816882
1798,271275.5185560326
235,119311.24403108144
2366,113821.76933364155
1027,137770.66977278964
1195,137736.8026024893
1303,64705.80594997549
148,189779.03599941684
608,159628.2390097254
2515,185819.4584972093
821,281101.59585922514
2500,255563.30684422166
745,115049.19304124427
741,131185.71051147432
1611,112720.11219100236
2532,129496.26854865582
1081,228842.51261736528
1692,468181.7006963141
2520,176649.10913013996
276,115192.14631062654
1992,129769.70120181711
663,78753.47651677068
418,129935.416935394
1733,199342.12899656766
2359,154345.05693704446
253,176546.50153390717
1518,178470.44953577488
2035,128545.9684637179
2919,75472.17749260081
1540,241806.85539502878
2120,146879.27211396358
1674,156731.18529096048
256,160136.20427096594
2361,115415.57200827407
978,75275.97589249536
2280,145169.8669232155
2095,215224.04004546502
1709,337541.7372780582
2801,246705.41102969245
1246,113411.04559739004
2373,88857.28985536315
1055,296427.7629668019
2017,121970.30915180786
1099,270173.02410893986
1344,86550.40804150818
835,193981.0487786417
1117,229868.83630947242
2043,87534.57545448822
2085,133147.27028612889
410,144468.90196347932
2650,114268.18029403347
2867,180915.6660091394
1668,118055.61386070441
1161,152609.3072676037
2122,162855.5103795224
2539,152199.28058550015
1047,148026.8250124001
1445,130867.9138437577
541,132161.83249625465
569,216688.0870428856
1276,117994.3206859042
918,156390.76889626
326,168704.88625521187
1936,128071.86927081103
895,106470.2130612934
257,163601.0607624026
1241,181852.54988717352
1545,128563.62054223081
1189,174439.58721518956
270,141020.2009625168
2066,166061.02097394827
693,111211.85875412801
1259,133564.2611702469
2916,150056.34745381796
2321,301975.58601678174
1977,103086.3895388892
1895,133946.85040251876
1240,171294.32129585286
85,156560.7538854238
1823,129112.94327753849
825,289857.6748821821
110,232993.8851024799
697,116500.87141015554
2297,122432.53600080701
1231,139950.3800725147
1355,129743.71829267326
968,348763.88384080346
584,239276.79939923208
1315,133421.66280874098
1606,146251.6997003812
206,90596.02237646069
1685,370059.85003907816
2016,138948.2421077428
869,204011.3162081271
2135,119712.64995722986
2346,176091.76562531566
2430,228051.67436877245
2198,93061.26777923512
2652,123649.54540774893
27,121130.58116182967
241,162450.52065867445
906,112350.09024639378
1506,126903.91138074579
2098,396468.613097102
1435,223833.43874369015
2213,146321.05226593962
1274,131014.74731646595
743,38414.900107093854
1737,200332.55887174496
2797,271819.1651775493
2185,69020.16059660804
58,168595.64484999859
830,196266.4031053554
808,113491.33321119189
680,146416.97829793408
1153,113452.30184503525
1291,135975.3153368698
1818,139448.5526581324
2161,186540.58873027112
1883,119863.89382951678
350,360323.30928178877
2473,151569.20426937006
295,187609.33434413848
293,180902.8093383727
859,133605.9581368475
288,71418.5985940042
1578,151002.29635446914
102,190209.68132488857
2831,134169.64672806155
1030,161483.68199937258
2551,149285.29582508674
1286,151633.08886337047
958,323047.6513699487
776,136654.07603089983
72,245412.04513063724
2263,261248.33159266796
1866,166371.1182618227
2876,77055.80246745888
2146,248341.8043264837
103,167313.07060438578
1500,137703.38219459596
492,177384.1086502944
167,156370.4786864163
2597,119610.71513755905
2685,115651.32481131252
1035,155415.18873011807
1220,85690.97056982112
2602,151568.81926182957
2159,201493.43485645682
695,133556.55685118027
1109,258380.82779487388
640,186849.16287723687
1652,142182.24500502067
2090,187537.58770472137
1188,189462.70837057696
2345,229537.02969219917
1059,427970.19706612
2751,238323.13100543077
128,201433.70786572027
1523,185672.28506409324
2925,188672.66531782385
2145,302846.74318178964
1121,226606.55281927573
566,258774.97420535845
565,231020.7841023936
1331,131665.64145515114
2928,132349.97002812746
156,140617.91306490506
797,141345.30549584524
327,89275.51846521543
2859,147026.6847913179
1453,129608.5178524726
1762,350402.95245457964
1868,200037.14479936034
1760,184146.38059626063
1113,236264.54873940418
1812,187796.09385314054
117,162102.28031604973
1142,207369.73636639433
2342,411713.15748556255
927,150104.65821006492
2478,188555.1795214892
655,89507.14555604011
2064,119436.96128954052
369,261916.59231391613
2239,118769.71979476238
2732,220478.18608546257
1653,156075.53701038807
959,231500.1718364968
2395,349905.22498348524
1412,117377.77399137958
271,238632.1960915379
1484,145824.66071267414
1497,162042.95553301182
552,157317.9663413616
2,119958.18691530729
1855,305806.16625883116
4,269762.0311195188
2292,147135.24852047925
134,138833.38236450346
646,99904.33917773448
42,313681.2346584544
532,231805.3141396789
713,98303.42420574035
2561,136691.99693908513
2360,131708.61393155265
1333,120577.5842019371
1407,233077.05945461924
2892,305752.6238746872
574,206249.01191266978
1227,184097.06575199016
2591,215962.2310492554
1476,209336.53869401902
1125,268230.62685000675
1446,143719.8048903801
408,116885.74590126489
1101,290398.1289944127
2251,184831.45712779302
373,182854.2002146867
2554,135757.91945195035
2382,255383.45988228454
1985,85676.3836845155
519,238311.88312197442
1093,191530.03105656762
864,245591.27358760498
2889,147474.1777969224
2308,187298.5709025044
986,175198.11625390663
1302,144760.12410762632
585,158162.94871487998
2708,155938.10411474653
147,133216.97174119684
1441,216766.60685286162
383,193068.95500893862
285,150945.2649643163
181,102383.38966611835
358,191554.37066849065
780,167199.2993584745
258,188188.38685490418
1865,227513.6142523505
692,117409.16547972444
2902,347868.83285665023
508,275216.7066049621
2638,149850.06980849808
36,138099.0969708094
611,172503.33193922593
2281,163291.11404400918
1678,113438.24691409031
1696,477812.3291899441
1557,82618.051391848
2180,164147.12368752324
1726,211327.30900919152
951,154040.75064240664
267,222344.3016078128
2706,135896.526041757
2221,244076.99595495383
1357,177239.38295564475
2901,318374.32911573927
347,170141.52747622936
2164,187599.40537060943
1586,314756.95514249825
360,147291.52302087174
1769,245853.61947097618
2617,150708.31082308598
1879,130767.25853095937
991,231451.91724881122
1535,126877.77596971588
1191,138405.5322399042
1579,216231.87976407984
1882,140956.96173325396
1510,136644.6615399082
2196,138436.0733932696
1845,175434.60483578886
2336,398293.7270560131
942,88797.64023648159
861,132721.79776713272
2555,128955.91774255436
1392,172792.2594256503
2099,260516.7172168696
1543,114280.47822610123
948,289717.45109744923
1239,179464.30556639627
22,180699.8900304346
2796,239888.26862098923
2747,173950.82817836155
92,290552.8627166213
210,164290.78022500224
1858,202005.49898744602
2228,168344.11531865323
447,227776.92709390476
827,241886.6231248881
1649,199814.00603760086
682,143228.49347699297
2698,103619.72385273232
494,169324.41550212062
214,80348.80040730158
2441,244845.0862022286
2679,111277.23711042239
1336,119982.9170192296
465,170447.20245504568
1524,153833.51586287387
2543,108177.63004561675
631,146153.89432835675
2452,316831.1595562793
228,159151.8577273661
126,178150.0202222578
1092,231712.39878418465
1122,219816.19173692024
932,227286.6160781204
1980,94691.45896949431
2171,115541.96664309627
551,154172.19851937925
2768,170414.38739196467
2056,113221.63684232971
1159,361798.61467505177
2645,114490.04837470393
1174,163798.87570103144
2266,200662.54773332004
2462,413526.20765784534
1219,148677.54942155664
2922,191150.82368963302
118,144315.77106614836
474,158599.0126099645
2576,148480.96044554684
872,285991.37914418674
1077,200368.105187697
1536,142034.73458657094
1150,114794.93259700882
2341,335572.0432837906
1931,159906.6521635801
2785,135953.9543569249
2538,128471.40554389483
597,214628.81986934316
464,180873.3553875144
233,220927.58610150692
2169,138940.4450910273
2123,168229.21258981756
1867,172559.8365246095
137,263982.6824875302
515,251098.65311715016
933,107760.27244397686
2784,165981.1428946526
972,170388.14927154552
599,175102.6979762986
2614,122669.31942919717
2582,142391.78081725183
1409,158621.14333707182
175,98391.99116168807
352,233477.16445418587
976,89277.57483337105
2134,186711.2775476779
984,125463.73837005673
2396,353422.79511653504
1673,132074.99299062302
404,120613.07128102815
607,161609.35597919754
814,145080.02056638413
868,184476.22027322694
2271,190569.6568389338
1633,229034.74973926088
337,161461.73510719187
2765,187125.45065914732
1746,238173.4622199556
368,338360.4721066973
2806,204071.10827579012
1662,205216.29798192414
1234,210047.75318692654
1373,122765.70156187325
1672,116568.46936086015
1939,122536.24324686773
