Id,SalePrice
2658,139123.1273593994
2718,151998.78513855283
2414,213520.5297031494
1989,108531.34806252441
625,172927.3627326973
333,85522.63444567214
1327,116787.7191562744
858,157623.45634433645
95,181411.99382067213
1568,158669.8695468994
2482,150281.92546129713
1364,119785.4632968994
2584,130692.95264063502
818,291585.28133996134
2673,153876.36190264978
2089,126596.27881251002
1297,173736.0550937744
790,119675.00442018293
2616,202798.28933041357
720,161975.3588264473
222,153603.8304843994
557,123459.47210769731
1148,191060.25944567213
2766,166243.80029688502
534,167877.7279670723
1452,125559.48765852416
630,115196.09515457231
2648,119468.70548439941
125,166594.4105625244
1904,89615.03556252441
1670,108127.91237728855
756,92387.06781082232
717,236914.04307626886
1032,152407.13698666357
852,207516.9603889473
1731,178677.4750156494
2639,106135.54728127441
2071,107596.06290627441
1267,114683.57853127441
1851,196547.1566562744
567,161463.38349084504
2439,200722.5336093994
1898,151111.9847812744
647,159738.75442018293
2256,207694.47624254713
979,92557.77711725292
1444,214688.6449375244
2485,133225.6371250244
157,139699.5687656494
88,124963.63698666357
2003,106971.91251564941
186,199614.0375156494
1425,240150.2484531494
2695,129928.3090000244
738,110648.57562332231
395,158291.6400764473
1353,159560.8246250244
1878,136894.39000227416
390,154798.9096076973
1456,232786.7972812744
1103,328795.63712502446
1387,138574.2757238549
2070,141759.2172031494
1199,169180.16628353857
2479,169773.5043125244
501,329784.3305920579
2362,105231.26003353855
1718,202239.48119708
2188,120573.9281406494
1483,157395.74382067213
2557,94667.16056252441
437,356841.5541389473
2224,221629.7992343994
1628,158764.93386166357
397,138095.0404670723
587,190273.88407871145
2182,708433.74365626
971,129166.67029744707
2611,143003.49636166357
1887,107102.13907814941
2399,374162.1088906351
2148,191930.6390781494
304,119785.6625156494
1997,136605.71631251002
2817,103633.76993752441
1431,220343.2816562744
427,363614.6723889329
263,126437.3226718994
598,172365.52381307207
2895,208944.8883812068
687,136822.7670295723
1822,135462.13893978857
2191,117670.3812656494
179,120047.5433750244
1009,199820.2339166863
2010,144540.6058750244
1991,124511.89404688502
1411,188248.10303126002
1721,233340.549556455
1144,192684.8480625244
593,203701.7670295723
575,323527.3705451973
1249,177189.9496250244
1604,122391.20143978857
1064,516234.54639063496
1923,153931.4183750244
1988,114646.21134377441
2325,169441.50417416357
114,194791.0765781494
2700,172912.43740925833
217,130335.14917535729
343,172782.37356080793
386,212616.2045295723
2005,129239.3871250244
2908,147978.9886875244
1814,218768.7152500244
2446,548492.3157835242
208,125237.71915627441
1679,110097.9233698113
822,334923.0639045723
6,195631.3285312744
1781,426346.8530312601
2397,291695.8832187744
2340,315980.9714456578
1618,178473.2797031494
2843,116895.82089592557
1061,374351.03165627446
2786,125560.02100001002
1935,144175.0316562744
1341,114523.17814064941
521,265074.30804519734
2136,136757.2406406494
996,211645.5355625244
227,145036.38308041357
135,195631.36354916357
1167,170394.23900958
294,218690.2406406494
1776,212821.5550937744
540,148945.1400764473
1717,202152.643306455
2303,137119.45143978857
116,179175.79639063502
127,148788.28271876002
1371,132360.5531406494
1014,157487.80998946552
1507,110174.44181252441
702,119760.15633996134
750,147041.4682014473
261,148219.34401791357
1559,69134.89298439941
577,216194.3626596528
2812,193007.1351718994
2080,161524.1351718994
1368,108076.65275002441
2376,124626.44558041357
659,109470.06781082231
1235,138932.03467188502
332,73582.13835192214
1917,147350.8734531494
2094,253970.21315853857
1460,274468.7113437744
1471,221763.1976718994
1509,131625.6566562744
1922,138852.1429843994
433,524548.2759045579
460,257365.99197520566
1116,238941.4925937744
1137,157891.1742343994
53,160113.07780504713
2354,264750.8558750244
1475,191879.6742343994
1761,617032.74365626
842,145009.5990608223
2739,188466.1703281494
2509,144545.998775205
1007,187215.0101718994
2610,185821.1136875244
1952,99764.93595314941
2719,155434.28513855283
2921,73793.23991442214
1966,147087.64788009052
292,113243.09806252441
1204,186961.9203281494
1829,267879.4515781494
2419,184472.4222812744
391,137064.14100057207
798,102358.08343582231
481,192300.7865608223
193,201275.05274569508
555,116737.61170369707
899,52720.291390877144
2357,178337.25222103857
328,129879.11596270501
1356,105957.64298439941
1154,110546.88818751002
1730,180998.2172031494
2249,167298.9828281494
1119,288160.780765635
2856,147566.9066562744
1394,130053.14689064941
2587,115031.61368752441
61,341186.8471718851
2661,183033.43165194508
2711,133290.49831478857
1147,170040.29323666357
757,129945.21234207231
2623,123047.1604894799
2378,138333.73119708
1413,144228.4789218994
1722,201623.23600817213
1112,228619.7172031494
1623,196584.8695468994
1201,193181.55406477416
1513,117800.0785312744
957,393685.26215963846
1171,264127.56022692216
1145,190088.85378353857
2726,231766.65936495387
703,136511.41923496145
760,105706.50246705793
1964,156627.99553634052
2512,166489.58668003275
159,145326.47263855283
1281,151742.97593977416
468,183349.3803108223
290,121860.6468906494
665,88033.43499832232
1463,254156.3363437744
1792,233633.0843906494
923,167421.2103889473
500,280696.65374832234
1408,184022.2209743145
331,94772.17350817214
170,116299.39795313502
2192,106684.00431252441
2571,327192.01017189946
2314,174504.91433041357
2647,86391.47696877441
422,448140.4399670579
2457,380417.22501564946
1838,204088.09538317213
2805,258764.5472812744
1645,152148.88804914916
1711,300744.99756251
2825,239966.2347812744
322,356562.25537501
2103,256715.7191562744
342,116959.16156082231
600,138881.8881233223
488,169978.9525764473
1725,325792.2136331578
2246,292176.2253519078
2847,152060.6586093994
806,228754.6693733223
530,229680.1557014473
963,186828.48759433645
2678,106644.40860939941
171,91116.60978127441
2401,440536.9096718851
805,216621.8822639473
2259,244684.38218977416
1748,177965.1351718994
1361,146161.3168125244
1677,113941.22129309416
1406,152039.36670313502
2322,256147.4711093994
688,150705.58525058645
143,139358.8949375244
804,201754.59501621145
1214,191813.26195796486
2828,134789.89225817213
1999,189144.61240193067
2467,208134.7543125244
2665,152680.47217188502
1538,389828.74650002446
398,123437.34515457231
2822,143106.80300228857
2157,137112.24772692213
1856,198187.4867343994
1269,101329.50928126002
2570,117138.74650002441
2320,239784.8246250244
1517,142877.9593906494
2304,136918.14479916357
1312,99435.98868752441
2012,131051.0531406494
506,232153.06767246148
2865,215903.4886875244
2367,100421.77207434415
554,83732.69671707232
238,129105.8832187744
1954,106960.40065853857
2488,116413.16013855283
2291,70026.59447833001
1969,123923.9007238549
2725,173448.6449375244
1482,147701.36882067213
2763,195906.4730625244
503,250593.42913894734
1584,242962.74560938502
1531,148143.56201563502
2210,175529.03513855283
459,338264.52713145566
556,135146.0092170723
1347,119223.49170313502
1290,70801.91446877441
1388,102213.12735939941
1571,302836.0980625244
2754,197360.6097812744
765,141750.56738685074
2494,136690.07839291357
2870,230868.9574375244
7,219214.13835192213
1114,253908.3187656494
2418,278069.4613437744
291,113502.8631284679
18,358996.6206093851
39,383182.8940468851
1001,249983.5023593994
2442,223985.6722812744
616,128980.26507644731
2680,88559.20939064941
1414,124499.5804843994
289,163385.9651769799
40,249498.0550937744
860,116605.54738893293
409,143523.14325647004
673,147725.00637330793
2427,178155.23405504713
2036,201832.0101718994
2564,142026.5726718994
642,140712.96883996134
1008,173801.05104916357
1908,138986.91013855283
2519,197908.405025205
1369,76645.23282814941
2855,175289.7386875244
712,110621.90765457232
1943,109845.16642189941
1958,112344.24845314941
107,146259.71061754716
2295,192826.2953281494
704,102834.24749832232
676,154688.32157871148
259,177911.1136875244
93,283881.89675228857
106,242950.3773593994
2315,178977.67214291357
1050,91392.00808041355
1095,194752.8129062744
2709,149542.29429914916
758,116301.26272836798
1496,153587.13428126002
2370,119819.88926184416
2458,286516.526859385
2733,131603.0433750244
161,240570.22977166774
726,149856.5717170723
845,200076.9935920723
947,238414.4545295723
2232,100267.76017189941
2563,141941.0609531494
2299,136802.14795313502
211,94016.09806252441
605,150616.87988685074
1478,193787.7289218994
2247,294614.2585550328
2274,219545.89014063502
2869,208860.0238437744
967,214020.1342170723
2656,130496.1859531494
667,200713.06738685074
1042,112543.77402746916
2023,166431.20654688502
2447,407004.33439064946
2055,148473.2465000244
2275,299812.5062656494
2204,171161.3910312744
1563,286932.2800394078
483,200534.4353203779
796,127854.4126493592
1526,161180.4359531494
2042,133235.33701130567
442,350854.1020764329
1693,325703.32178126
1468,214099.2875156494
1430,200810.2502711895
2605,127080.73673439941
1529,198295.0043125244
335,149264.86550228857
1287,125922.4281406494
31,100142.20371496915
1785,334183.79834376
82,162038.34401791357
2620,127486.39990266415
252,178700.0648593994
721,64247.83929519732
2165,188738.4281406494
2316,192449.5004062744
775,138289.41848268293
1558,66016.89884377441
17,226751.0336093994
1022,217051.71631251002
925,136177.8549201973
438,278719.42523269734
1270,124765.95452071552
1272,136538.6175207299
215,122784.33829689941
266,228612.5375156494
2402,278850.7015781494
1250,124346.59401791357
1984,119862.91748438502
1279,148854.8695468994
377,241256.55413894734
1252,96220.4593906494
2156,266426.1840000244
499,328933.0591076829
1374,132469.7797031494
2898,271997.3461093994
401,114463.90556308646
2721,138508.6957187744
2078,241222.16943751002
2589,131681.54518978857
1946,242884.4613437744
1334,120048.10183041357
2781,216041.7718906494
431,404274.2583264329
576,189811.35810022004
1474,203722.0961093994
2254,139896.6996250244
2155,279800.41162501
885,105046.53460769732
643,146952.10793580793
1944,130321.6078281494
480,191640.7748420723
2845,97466.93204689941
2387,322532.50040627446
2407,202644.37663317213
2527,167073.23464291357
2514,141892.15788317213
629,136859.77785768293
80,201386.62136166357
1876,140563.3519687744
1546,127966.6937656494
2518,174151.9632968994
2347,146052.70534603857
783,225291.64775386237
1322,40242.04728127443
194,88603.74454689941
1770,293300.8754062744
2143,158422.0336093994
1229,228485.9418125244
511,287908.30999832234
46,218296.84928942213
1348,162392.8694738549
2465,203958.8558750244
387,230605.0658576973
873,216571.1224983223
1918,135504.3500156494
2764,222875.55886166357
2184,134279.9945468994
934,126179.38544397004
1920,128841.13126564941
2631,147719.4554843994
1768,663738.4239289791
2040,116925.2914218994
1749,214811.2699375244
834,250138.7767951973
1457,227795.5297031494
79,112077.74968004714
2302,131719.75612728857
1817,157422.98073666357
2755,232374.5863437744
359,177616.00126621145
2059,104293.41237728857
2092,237719.51784603857
2516,218650.5121250244
150,118143.0746250244
1656,131791.21199984595
83,92660.47892189941
2411,176866.0863437744
795,80108.41156082232
2312,223281.19558041357
2917,106580.70775958001
1624,168167.92409603857
2215,312736.5491613549
1211,148488.15651791357
1485,158215.93327379713
1024,168430.88218977416
570,196926.14911584504
2874,136621.50342188502
700,113747.14788894731
2756,208358.8754062744
2022,183002.2757968994
583,222183.68485996148
2392,376706.4448281351
2424,171188.54371128275
212,105657.48087502441
736,132988.7728889473
1610,167510.58034603857
890,120884.85868808648
467,178773.0756233223
578,217365.3471076973
1747,193756.6293125244
1149,150827.84928942213
2758,253389.15771876002
857,153901.7943733223
2219,260694.95647384052
733,85211.16937332231
2909,98831.27702379714
1798,272651.0824375244
235,125260.26603127441
2366,122732.2866510613
1027,137115.2445468994
1195,139773.33336164916
1303,77234.46915627441
148,186924.4183750244
608,163093.12431308645
2515,198678.95264063502
821,277851.6693733223
2500,262603.1888303992
745,109180.13812332232
741,124033.02679519731
1611,104923.13779255567
2532,129080.7679843994
1081,227477.48014879716
1692,470911.4116250101
2520,172108.905025205
276,113254.19285277234
1992,131446.49365626002
663,87903.94867019732
418,127919.46747522004
1733,202929.8656406494
2359,149419.25222103857
253,177821.1215000244
1518,170417.21933342557
2035,136239.5863437744
2919,75619.54955645501
1540,251890.6429843994
2120,145865.9632968994
1674,170686.65007067213
256,154126.71511166357
2361,129567.1605625244
978,68758.96356897005
2280,142390.21843004716
2095,222952.4144687744
1709,338020.77579689946
2801,246876.7914218994
1246,118758.8793125244
2373,94197.51426184415
1055,295927.76318751
2017,126306.0765781494
1099,283860.91304481984
1344,89846.02384377441
835,198062.41533198737
1117,233900.0902500244
2043,89545.91446877441
2085,142423.99968004713
410,139133.24481897004
2650,112375.80118752441
2867,185315.7660312744
1668,115249.89089291357
1161,154566.99577379713
2122,165537.8129062744
2539,154954.1097812744
1047,144212.58366442213
1445,134690.37842188502
541,125293.87445144731
569,221193.33075647004
1276,116509.55900002441
918,158151.25637330793
326,160233.4242343994
1936,131678.2445468994
895,101568.07952957231
257,160909.7601718994
1241,180110.9965000244
1545,115735.0882968994
1189,162359.4769687744
270,144701.28483629713
2066,179100.8636875244
693,112351.60296707232
1259,133483.7074375244
2916,146786.7738437744
2321,299901.2797031494
1977,75927.83243752441
1895,132400.5746250244
1240,174945.37451563502
85,158616.12136166357
1823,130993.1273593994
825,287128.4848889329
110,232143.7914218994
697,120369.94671707231
2297,126300.3754062744
1231,141031.5394687744
1355,135703.5179843994
968,350190.9751233079
584,221799.8920295723
1315,129151.6644687744
1606,146548.49440853857
206,89419.34763855283
1685,366349.569828135
2016,145924.0453281494
869,200166.5756233223
2135,119491.53542416357
2346,171271.45339291357
2430,223027.75074253275
2198,96066.37150002441
2652,125235.05615626002
27,121463.98868752441
241,160068.3656406494
906,123564.03656082231
1506,132987.3734531494
2098,391549.7963906351
1435,224731.2777500244
2213,158243.3285312744
1274,135029.3343906494
743,30166.579529572307
1737,193935.7406406494
2797,274058.9828281494
2185,70287.16013855283
58,168353.0746250244
830,199899.9271858223
808,108742.33287348988
680,147808.9662483223
1153,107564.70729916355
1291,134008.44923007005
1818,143561.16013855283
2161,185196.8031406494
1883,123667.6449375244
350,359194.27020959504
2473,142486.7894687744
295,186264.53513855283
293,182254.9515781494
859,132671.69657871148
288,66780.23868752441
1578,158945.7328281494
102,199398.15202379713
2831,122170.90502520501
1030,157176.81862728857
2551,149850.23389063502
1286,152964.9379062744
958,319954.7954358079
776,144456.10389119707
72,254411.1117343994
2263,262839.4535312744
1866,159237.74050228857
2876,75723.12931252441
2146,242282.3558750244
103,169936.42561894062
1500,126089.08757067213
492,176186.3060920723
167,154161.5237707299
2597,122722.5785312744
2685,116172.1078281494
1035,152428.15847103857
1220,93638.74365626002
2602,158758.7504062744
2159,205349.2972812744
695,123687.25488685074
1109,259389.2894687744
640,184123.3178108223
1652,144891.55886166357
2090,187079.8871250244
1188,167926.80690853857
2345,240761.2484531494
1059,420481.3139687601
2751,237015.7914218994
128,209455.0199375244
1523,193988.0620873485
2925,185686.2289218994
2145,304153.6234531494
1121,222403.6058750244
566,263954.40016412793
565,233403.2709358223
1331,137808.5043125244
2928,133318.26198666357
156,143910.0179843994
797,142275.9721076973
327,91007.63444567214
2859,149145.0785312744
1453,129249.20339291357
1762,354998.0854531351
1868,203892.14209376002
1760,183062.4672031494
1113,235166.5922031494
1812,192341.4789218994
117,153012.1429843994
1142,192852.10573666357
2342,418391.9096718851
927,148520.5384409028
2478,184541.1136875244
655,96909.19085769732
2064,123297.6566562744
369,268059.4868420579
2239,114558.3597082299
2732,213652.0648593994
1653,149649.7328281494
959,228524.8705451973
2395,351993.0444375101
1412,114555.86312519197
271,249331.13623438502
1484,147846.22428942213
1497,162791.8617343994
552,147894.25488685074
2,116363.10587502441
1855,306275.073734385
4,271362.4310832155
2292,147868.11940853857
134,139479.76979916357
646,91788.64398269732
42,307758.776859385
532,224982.3549201973
713,93408.52093582232
2561,138476.27370541357
2360,135878.0355625244
1333,128327.3988437744
1407,236639.6234531494
2892,300206.82568751
574,206065.7439141279
1227,173432.02100001002
2591,200629.2457300373
1476,210870.9867343994
1125,263896.343265635
1446,150285.59401791357
408,126278.6169610029
1101,284980.2953281494
2251,193729.7211093994
373,172089.43215455793
2554,133216.03655196552
2382,255994.4925937744
1985,89127.59610939941
519,230856.6732795723
1093,195082.2718906494
864,240753.5658576973
2889,136600.34763855283
2308,186806.9222812744
986,199576.2084358223
1302,145080.1449375244
585,149873.40556308645
2708,147941.20640852416
147,136029.07568751002
1441,219484.6547031494
383,192723.0717170723
285,144706.75914289916
181,106015.97110939941
358,192139.9682014473
780,170101.31301393293
258,188763.7035312744
1865,230150.4808750244
692,105688.14007644731
2902,343228.7690468851
508,264334.34710769734
2638,154287.3871250244
36,134056.865962705
611,166683.5385139473
2281,159920.03542416357
1678,128635.94394934415
1696,479419.7495156351
1557,91775.67423439941
2180,169353.3363437744
1726,210488.69410190775
951,145391.7045295723
267,220810.6449375244
2706,132537.77565853857
2221,250657.28467188502
1357,180035.26368319505
2901,322127.54728127446
347,169242.56376621145
2164,180480.5550937744
1586,309899.030765635
360,143444.76103183645
1769,252951.4203281494
2617,158503.24951563502
1879,120528.61312519199
991,237067.3909582299
1535,134533.9828281494
1191,127719.78513855283
1579,206687.1761875244
1882,140561.07178126002
1510,141032.8480625244
2196,137920.81159166346
1845,184124.84733629713
2336,405244.1420937601
942,82330.72210769732
861,132056.0170295723
2555,135785.8148593994
1392,160608.3402500244
2099,257874.3011875244
1543,110907.23900958001
948,291384.09906082234
1239,180609.46511166357
22,180123.2582187744
2796,240947.0238437744
2747,176027.0336093994
92,287028.07253353857
210,167001.69753353857
1858,191808.24382067213
2228,152011.1460260613
447,223864.7572639473
827,237891.2826545723
1649,185789.15972722095
682,143588.06880026343
2698,98742.02384377441
494,164357.4096076973
214,77170.83545313502
2441,240635.1644687744
2679,110704.76993752441
1336,122126.5843906494
465,168148.5150764473
1524,156707.11865626002
2543,104609.96134377441
631,142608.2162483223
2452,315876.19181252446
228,162113.24547102416
126,182621.8270783026
1092,231425.13835192213
1122,222691.6527500244
932,227589.55790683648
1980,80539.20614047095
2171,113396.14586164917
551,159890.3588264473
2768,169252.5785312744
2056,112114.03751564941
1159,364878.3588906351
2645,107946.79728127441
1174,168382.580806455
2266,203637.09792416357
2462,422021.16251564946
1219,142424.0843906494
2922,183199.41013855283
118,144067.28857813502
474,155901.70380334504
2576,145776.74365626002
872,283310.60389119707
1077,198333.61597690775
1536,145996.26123438502
1150,111847.86670313502
2341,334354.10587502446
1931,162668.7152500244
2785,134823.43190853857
2538,129081.08243752441
597,212066.2982795723
464,183810.9958672529
233,204730.5485374568
2169,136409.03151791357
2123,172488.8715000244
1867,168935.49050228857
137,258411.9847812744
515,250199.89788894734
933,102247.62867975292
2784,170123.04714291357
972,164603.22635020566
599,175919.6790659028
2614,118476.61173439941
2582,144914.91013855283
1409,159176.1879062744
175,106749.64600001002
352,222182.1576545723
976,93267.15797662792
2134,187680.4027500244
984,120748.18876621148
2396,360105.17032814946
1673,133653.28483629713
404,125067.5942899842
607,166607.0131233223
814,140984.81738685074
868,178780.9447639473
2271,187493.5726718994
1633,233804.1284479363
337,139333.11312519197
2765,187802.4984531494
1746,237522.61670313502
368,339097.1802014329
2806,203630.3617343994
1662,187990.07058041357
1234,208377.6566562744
1373,120834.17906477417
1672,120422.38698666357
1939,118530.57267189941
