Id,SalePrice
2658,110139.50230450071
2718,155233.8312588783
2414,213053.44603611506
1989,102135.87832732614
625,179358.66197010758
333,91101.06701960655
1327,103589.93876950929
858,150391.98155201302
95,179578.29157968768
1568,163828.87230322318
2482,161177.64912925079
1364,116642.9891440283
2584,146473.8673272919
818,271009.1370930369
2673,133253.8141305696
2089,120177.62872384855
1297,151675.64926244356
790,117998.1409561303
2616,190749.47738717575
720,180458.10455128006
222,150705.2355362468
557,123702.47972850673
1148,201994.5846427318
2766,161765.45075400794
534,173263.41807513297
1452,119764.59930955138
630,121161.02734575255
2648,113469.93728970598
125,166593.90734592947
1904,69365.78016209709
1670,109496.31821418618
756,98743.94908427782
717,168016.7870667039
1032,158609.0019357118
852,213208.91174180113
1731,174180.20447950152
2639,109060.8072908646
2071,95259.8895441238
1267,120459.87837637145
1851,197012.80682488266
567,158525.52945468505
2439,205730.7311642872
1898,153062.50831730315
647,153427.1026563981
2256,216735.10288537983
979,90258.2895755404
1444,221227.56126512034
2485,120788.94381889502
157,130451.73646646907
88,122217.24739754245
2003,108947.34097117513
186,188310.0701469682
1425,233823.76249665002
2695,117622.90562227253
738,111460.73121652828
395,158032.21395623224
1353,167996.3922598236
1878,135047.69695401695
390,161369.12287529887
1456,236558.59263744132
1103,330342.36840087175
1387,131847.72981171327
2070,135984.223713268
1199,174841.48294116108
2479,176774.49608601557
501,298975.90603513457
2362,97327.76305096342
1718,193663.14583449293
2188,83830.85247436585
1483,153083.01873355475
2557,94545.06315366656
437,366272.80438030424
2224,187336.92952218428
1628,176724.3698608616
397,140988.76649242893
587,193503.61191562546
2182,913758.9421691359
971,126929.31159887767
2611,142408.13774691164
1887,107616.56634119137
2399,366772.16741155076
2148,195231.8999758649
304,117080.67138794862
1997,129080.12035062363
2817,117112.7017654526
1431,195819.1113693438
427,338361.5808840206
263,122203.44328648165
598,170299.18335757937
2895,217531.71775455907
687,146741.95382964605
1822,136988.4873293736
2191,106511.62835070853
179,124068.40435253347
1009,205390.6868040818
2010,127591.14292521014
1991,132719.28697028637
1411,177161.1268809667
1721,220213.8856338988
1144,189740.92549542457
593,214186.46751444836
575,323709.1199090136
1249,169939.26040264935
1604,117089.80044814551
1064,566935.1951486784
1923,154049.23916558415
1988,111346.64236313086
2325,175031.32184318718
114,200383.81749797432
2700,170923.19820210212
217,124971.29612854862
343,172423.89528085428
386,217450.60428317278
2005,112646.98045318309
2908,134119.12840613202
1814,240798.7489695146
2446,580399.3064187103
208,140304.3711303368
1679,110083.01130899836
822,312351.6667469157
6,195172.81004160448
1781,418398.24126108113
2397,282029.94928239915
2340,303883.9131779521
1618,172546.76601487992
2843,136202.9649996568
1061,370483.99041177414
2786,127338.82148179057
1935,135312.13077507284
1341,119622.95657285236
521,262998.8066984377
2136,132382.86125281948
996,202260.6775304016
227,147140.26282074835
135,183867.96087926533
1167,159863.77685679958
294,230075.66666245493
1776,201518.75766263486
540,157276.98226929677
1717,200716.59961406412
2303,126187.58554308093
116,183527.28952281832
127,134684.4118799108
1371,125899.12660281708
1014,141187.6155963299
1507,107623.78874075647
702,120334.49120629992
750,146794.35592273605
261,156558.05470652535
1559,71907.79312265468
577,213896.65282564197
2812,195353.02251973172
2080,158674.5324348733
1368,109527.50308761645
2376,123892.63048138632
659,103604.28898089025
1235,135993.39831224974
332,81295.07496849271
1917,140248.9906529811
2094,257027.99730528283
1460,255315.33465903174
1471,213709.75295364048
1509,123758.68365838473
1922,130747.97375459594
433,580899.470920621
460,232731.9855920654
1116,230019.9295461626
1137,158617.97007296304
53,165856.01795867586
2354,265529.74755053676
1475,195132.29662457915
1761,681482.2320815701
842,138699.60118861616
2739,168043.72917110162
2509,148438.81606060266
1007,195213.57380799542
2610,182471.77564564112
1952,90899.96301333947
2719,158062.6080208099
2921,83581.16550091693
1966,144740.05803348098
292,113172.1841145568
1204,183247.7586219292
1829,251016.67553285827
2419,188107.86189285514
391,148539.74929870391
798,115163.16615272402
481,198147.16905649833
193,188335.53946375847
555,119413.48464323713
899,67787.9112164628
2357,187847.2243678971
328,121317.33801507956
1356,108136.42346845119
1154,109720.62843057375
1730,174542.94318659033
2249,156216.6844183934
1119,287837.0154636768
2856,144164.24660872793
1394,131938.72755155803
2587,129398.56254966962
61,310244.6662901894
2661,161404.36453571683
2711,134772.97963149694
1147,178111.39729208307
757,125280.53058098548
2623,105753.66454355724
2378,137195.36465609955
1413,142260.470200172
1722,211319.89929307764
1112,215984.74596981663
1623,195056.23138847636
1201,193256.29774855424
1513,113636.99615631699
957,511293.75299846474
1171,261674.21322187816
1145,196589.57547308088
2726,225652.88588306404
703,142336.74076417834
760,100959.10014772082
1964,145382.67041368404
2512,174648.30221603625
159,136357.23502447357
1281,160681.6749429703
468,184111.13269576654
290,124149.46450064758
665,98745.34971724369
1463,248298.24685452637
1792,222862.22392802758
923,151835.01179846952
500,255469.7927771142
1408,169809.60141733492
331,85996.40542647718
170,115363.48510289167
2192,98486.30769049775
2571,307176.797737666
2314,175506.8268659479
2647,94509.45045505912
422,451305.0528284074
2457,368173.4383543421
1838,201942.63311277278
2805,258658.849588411
1645,153833.94302206364
1711,284622.39120985934
2825,228163.458792645
322,320311.28707796417
2103,251298.83554598523
342,119998.13787714021
600,123794.40780046253
488,170726.70719758354
1725,308180.5241986061
2246,301281.7924038811
2847,149320.66778618674
806,236626.2898277355
530,222338.78340534994
963,189008.25646320244
2678,101755.6367808555
171,91438.20612131509
2401,446349.76573551487
805,225792.65586266745
2259,242106.68493849997
1748,186081.05755801237
1361,131888.11255951424
1677,111781.18486107473
1406,149781.05112229454
2322,256778.5883378071
688,150860.92367507442
143,145180.8157090748
804,211427.28361529968
1214,157194.91329836423
2828,143921.65529401109
1999,174324.8070408494
2467,202100.03016366772
2665,152385.61340497545
1538,372624.6245484391
398,115060.51585189225
2822,135240.0059190259
2157,140640.240914859
1856,193761.2123758998
1269,105515.82203133927
2570,116719.39415023086
2320,228943.6242927013
1517,131830.40332229153
2304,126672.69060712963
1312,101904.42547798372
2012,136516.4765161356
506,239849.90522582625
2865,222619.89790984933
2367,101909.00432380199
554,83988.42997406733
238,132643.19692674055
1954,117791.2633871186
2488,127700.15472721502
2291,79773.2107302555
1969,110099.1347957386
2725,161540.1703728155
1482,147763.0691256874
2763,191100.30568411114
503,238972.3215655943
1584,235917.90990530228
1531,142260.8442077953
2210,165483.44538463975
459,327103.0007528369
556,128635.93135131848
1347,122134.14953745004
1290,81515.30022235942
1388,103676.0259925237
1571,306520.12007151375
2754,196390.3333144329
765,131159.7160409314
2494,128319.24762726306
2870,232835.01842808092
7,212697.618710082
1114,241114.09943448548
2418,276120.09511446755
291,112981.05739272072
18,321839.9440759501
39,381534.6357796818
1001,239487.75136213418
2442,223422.31741551642
616,124336.01278745713
2680,82019.1257154142
1414,135741.8942148388
289,153892.42105464035
40,247386.60924791146
860,119565.4667334472
409,138003.9713285687
673,151804.54625531408
2427,180158.17311238206
2036,204330.2025542502
2564,139822.83696360217
642,143211.7424987234
1008,183513.66491971587
1908,139182.78818843391
2519,194108.43228310221
1369,87975.82045087391
2855,174416.8935954975
712,103115.92486297786
1943,111218.91363342975
1958,125112.81544815973
107,150453.40049431837
2295,192747.7495094638
704,100643.74339994066
676,143127.91014811376
259,181115.70435038005
93,291549.37000614486
106,247283.40034891703
2315,175339.0360991659
1050,107805.10532987924
1095,196359.28031888037
2709,141275.4166561258
758,122008.18724728654
1496,152271.47623607586
2370,122096.9738424838
2458,284059.0641675066
2733,133074.15973796067
161,221887.10366352435
726,150375.40261502028
845,202740.20657895075
947,248725.68727216037
2232,101013.42737178599
2563,149361.5852283526
2299,132101.16164214484
211,86569.15069316469
605,157798.65639755002
1478,188028.3603655665
2247,292255.55349660735
2274,188817.1204137596
2869,213584.92187008553
967,206100.8872729211
2656,114297.53428812408
667,178477.4927674905
1042,112221.07345093678
2023,153798.4807485409
2447,379937.08009776194
2055,131458.90019135398
2275,298363.9296707544
2204,174299.3119507836
1563,282650.78696015535
483,200468.95398185312
796,128533.50434827378
1526,164499.23100488682
2042,112779.60254773559
442,338832.8798325194
1693,318202.3947493288
1468,224606.23203154842
1430,199585.04439195126
2605,123156.96269703623
1529,210089.42273257155
335,141877.99533442524
1287,122488.10976218506
31,99479.7223892871
1785,320125.8173033359
82,161937.9755716841
2620,123012.23653704498
252,178400.00828951364
721,75954.26874631266
2165,182413.51711237765
2316,184970.97605086316
775,123546.02871213875
1558,81576.98448680324
17,214094.22111483937
1022,223171.66709231277
925,133759.79104851262
438,264957.1769945766
1270,140508.68718761092
1272,126985.88548951274
215,133400.77454193405
266,231849.6874728185
2402,270734.24421978026
1250,135658.74406175825
1984,109414.61290818427
1279,147982.54936235608
377,251313.5257430879
1252,113753.75553662289
2156,271319.75776800426
499,316421.93366198265
1374,128205.98834264735
2898,235793.86367949855
401,116743.98262963931
2721,152237.8927566276
2078,247265.86062914392
2589,130515.23298154719
1946,201266.11390404997
1334,130007.78268296222
2781,223785.8253019741
431,390197.24393836927
576,192291.08987880565
1474,207566.26274517484
2254,144842.87193441656
2155,283120.86811097246
885,99346.25768076979
643,144609.65016763547
1944,124883.6192221371
480,193934.61235316642
2845,98507.9941277077
2387,314549.08554214815
2407,203918.5464539869
2527,171274.946238697
2514,151022.55037445232
629,139242.26789032962
80,211205.29884938977
1876,137988.8624882989
1546,119066.88093200668
2518,169179.09170731416
2347,158053.95057722714
783,219821.01166262387
1322,61146.54379750535
194,87598.9279428866
1770,287959.2198486332
2143,132159.96391509203
1229,217885.07332899977
511,287161.72049917164
46,226488.97585773733
1348,141352.99930594716
2465,200424.75627871638
387,234137.11369560522
873,219146.82116757683
1918,129345.69008351292
2764,239254.4571191433
2184,124601.87365041075
934,136975.09505854629
1920,129569.9106708438
2631,145825.5385883118
1768,700968.4975465348
2040,112665.47022175243
1749,210187.12674008743
834,242706.58589327201
1457,225794.29436189728
79,119229.07515000663
2302,125004.73379793925
1817,150741.9852889485
2755,234880.30239058734
359,180424.85645290656
2059,112654.31942652022
2092,235488.59754934997
2516,219807.70430779655
150,123060.32698892136
1656,119257.2239602872
83,94148.7103426854
2411,177975.63370196894
795,80866.47617233236
2312,218747.10940658583
2917,96670.43259521964
1624,182247.8074087661
2215,301156.4851218284
1211,153539.31453507397
1485,153051.88110418012
1024,172594.436212317
570,196277.66047496567
2874,137739.15419180124
700,109598.05100935986
2756,209753.262707572
2022,168141.24933524564
583,223466.2799875854
2392,383245.9593918542
2424,180664.92734527047
212,111051.65324545676
736,128484.6076542117
1610,160177.7899541755
890,116532.33879764407
467,182587.7311967326
578,204743.22916631584
1747,188311.27179228896
1149,161982.93475326672
2758,261100.67007124942
857,138017.32129227594
2219,286272.87349115446
733,78550.0139946129
2909,109892.33164937561
1798,264249.9987429122
235,115516.17871074565
2366,125389.36360147722
1027,139619.47056532823
1195,137096.8019913789
1303,57076.09423747911
148,182138.33247812747
608,161406.6728766652
2515,201569.49286995077
821,261879.13423643872
2500,252988.14730791064
745,106916.25483389453
741,126817.53552245362
1611,106022.71448662589
2532,129324.41022037397
1081,237570.34574576706
1692,498976.27297475643
2520,167261.6592939387
276,110164.0588312346
1992,125039.97675673143
663,61184.87202580873
418,123625.6772391717
1733,199478.46122085198
2359,148564.78497336636
253,178317.50112833557
1518,191012.40239864273
2035,132708.27702797804
2919,79561.74018750302
1540,260950.200684744
2120,144158.93232300982
1674,166994.23902662113
256,153571.0638206806
2361,109154.51854968704
978,79533.22614571896
2280,140364.88597147516
2095,220560.8795480035
1709,330925.57011747063
2801,252908.63213764652
1246,120887.3639371566
2373,100260.30546705285
1055,288157.7805755737
2017,130859.31410338583
1099,247765.24090358304
1344,84810.27544727709
835,196154.2098586399
1117,220310.8466479407
2043,96207.7328672237
2085,126921.97525500083
410,139580.86820391065
2650,118807.54887328327
2867,183648.78354612624
1668,116236.11701954699
1161,157826.28460715472
2122,175675.11836599794
2539,155195.39053243073
1047,141743.61487846746
1445,127615.69016128847
541,124637.40599564709
569,223816.0926655876
1276,119668.04020890273
918,153735.7761219675
326,161284.26217753597
1936,129532.83325264722
895,99909.99001843459
257,149289.93967175126
1241,181340.78793784187
1545,111903.01323868921
1189,171247.46962610958
270,143776.69543859162
2066,164161.05031832246
693,116444.51083951583
1259,137096.3159004569
2916,150371.8631644444
2321,295725.61603822734
1977,90281.10808530891
1895,142328.40970903373
1240,172054.98154371892
85,152156.3165224461
1823,119491.93528266382
825,281492.8570652847
110,231719.63366157215
697,122998.40455615173
2297,114491.59163353122
1231,140781.9145804125
1355,131715.9891993479
968,329500.64171763347
584,219460.49452423
1315,128761.43911110569
1606,141797.08467248722
206,88627.93106755185
1685,374220.43957739393
2016,132888.5046478598
869,202692.3762207182
2135,123742.39911996538
2346,184863.7206035046
2430,234423.91844615055
2198,62292.78694753805
2652,121909.91604021759
27,114507.55607954197
241,159992.9247210783
906,121796.721064236
1506,115146.55470891028
2098,392704.1741064501
1435,222574.44200937785
2213,133789.57265547325
1274,139055.433411752
743,44174.241534958936
1737,195116.30329925957
2797,278240.6332545499
2185,78972.42765707818
58,171338.75763231804
830,193641.85196913534
808,118575.68247447423
680,137948.83403630476
1153,113065.42372607267
1291,128173.40994246784
1818,132077.25819071807
2161,187220.28714348376
1883,125073.94409666068
350,350397.6221058721
2473,140107.9993970405
295,179200.99302509183
293,183049.7489665165
859,127863.09335500328
288,74165.46692544826
1578,146868.8627950787
102,177099.8151950965
2831,138804.98746458485
1030,155389.1077767077
2551,148225.92179799546
1286,148792.7471813409
958,308808.635715699
776,128690.46221065827
72,235709.16721277166
2263,261402.6480691978
1866,162334.27767109498
2876,76396.36267892303
2146,242716.35117615273
103,169829.99961884585
1500,136418.60228111202
492,175037.03680065798
167,148719.15306473925
2597,118344.1756571672
2685,113059.60129144792
1035,164225.3527159371
1220,74784.31912443234
2602,161590.85922260792
2159,204733.7513408644
695,132871.61189118458
1109,259582.4433681156
640,173149.0638171159
1652,150201.2105895691
2090,159603.7696070181
1188,178829.03548429528
2345,238247.3888570035
1059,428128.440572659
2751,240875.73176019
128,200279.03787019415
1523,188881.29310172005
2925,181574.7476619966
2145,299395.1614812904
1121,221013.8068952107
566,232597.50294772867
565,246874.40372300497
1331,133742.4658879342
2928,123045.79266409247
156,140470.05455811005
797,131318.9684109988
327,91889.92153831218
2859,144358.8640991478
1453,120587.6868456846
1762,347077.4771536977
1868,209502.2762193714
1760,176002.57387614902
1113,233907.14607876586
1812,193380.98517442332
117,158227.97479784332
1142,203222.23722012137
2342,418511.97352388
927,145033.8268171488
2478,178377.18894285843
655,86223.26001132544
2064,126007.04167770421
369,261634.39875473847
2239,109080.25432419643
2732,217854.0057803021
1653,161596.50507086233
959,212155.26231643066
2395,352742.22872244945
1412,110667.57575220629
271,241378.91516517097
1484,147866.120228489
1497,140871.53281319627
552,153198.5178687072
2,117525.57960500948
1855,305320.1863147102
4,275219.30162574525
2292,155305.1497107624
134,147982.58506811623
646,102844.1940764694
42,281723.4953947809
532,226322.13229107548
713,92657.80221867943
2561,139050.55917261913
2360,132387.50340217745
1333,118241.11761469518
1407,223185.69269164276
2892,300198.1837589113
574,201170.55638635732
1227,184540.19521362596
2591,211010.70346132547
1476,209657.64313700586
1125,246854.28661466722
1446,142081.26787110083
408,115922.39127277258
1101,286920.1962672857
2251,190934.3961711356
373,173953.3878473214
2554,133229.3969806528
2382,253663.65944134918
1985,92823.25177611047
519,233893.230838171
1093,186929.44503986486
864,241862.49702918396
2889,146831.06081078458
2308,185761.18952430406
986,153743.88260564176
1302,148390.90145970418
585,155741.41423277554
2708,145449.45004188255
147,134787.18230245163
1441,226520.98117049408
383,191836.72966110136
285,139227.84312344555
181,111451.23222787977
358,194017.3802760954
780,161721.6488957268
258,191590.3679771962
1865,211685.22763009238
692,115533.17564200658
2902,352975.31842049415
508,246776.36975431754
2638,143264.74270260558
36,137079.83091963694
611,173765.2041858512
2281,144095.64770761708
1678,118511.52146878392
1696,523793.32166191016
1557,65491.69804982356
2180,152261.90667743294
1726,213717.384700942
951,143563.10532445417
267,221519.4120922611
2706,136709.06524661195
2221,263358.8403321272
1357,175936.9009840332
2901,327138.5998846501
347,177366.6343368401
2164,187587.53544246423
1586,318282.10847108974
360,150695.65196195958
1769,241871.8072991491
2617,162156.88631417125
1879,138791.35876532248
991,238221.36709877307
1535,120982.61744111932
1191,143019.71860422433
1579,205653.39712049684
1882,141210.26293980697
1510,132530.68902883373
2196,115177.48162480585
1845,175103.14987971255
2336,385301.7833340908
942,91627.42633839692
861,125471.98310466454
2555,118141.01541506604
1392,160849.75847800728
2099,250965.04142155036
1543,118522.50120686513
948,278338.6310970341
1239,175897.46500822305
22,190701.66093547884
2796,238349.07798172304
2747,174942.18185209378
92,287776.11781583435
210,166704.31712946814
1858,199976.6668553762
2228,156855.20849302819
447,216004.63669401238
827,239669.76933199013
1649,201423.07526001267
682,136296.33472758252
2698,104219.7400802268
494,166787.12148493214
214,87804.49237926386
2441,245306.77110114193
2679,107490.97256743455
1336,115338.87563936604
465,172546.02823374348
1524,147758.0632368631
2543,114741.21633851869
631,143549.2374011824
2452,307229.96516289684
228,155196.65621281305
126,176834.78020621694
1092,236990.09970905035
1122,204395.62313726245
932,218191.70833490734
1980,79029.04580401933
2171,107248.37407481947
551,160615.83196338502
2768,177157.08501308213
2056,113550.80904952038
1159,357480.5672543062
2645,118466.13153360358
1174,169227.40924419562
2266,208038.60060309852
2462,430141.6083006066
1219,144791.4346017154
2922,177337.14293630997
118,140798.3977384984
474,166627.1617348761
2576,145621.69377501548
872,286691.99964760407
1077,204581.17728164967
1536,143550.93856482938
1150,119696.66334194345
2341,339756.60415668075
1931,154494.80915454924
2785,133153.24363412615
2538,127377.58506967165
597,211345.74739221108
464,178937.21917579698
233,243470.92087330198
2169,137312.05105942857
2123,173222.13355426976
1867,179850.11862664347
137,241880.91729403596
515,248062.81268765504
933,110802.9784901206
2784,161987.31116637748
972,158974.8902493252
599,159046.84878858077
2614,130833.02840447673
2582,139253.003051319
1409,165828.09958216184
175,96247.82086686125
352,213341.71343528203
976,91971.42795743169
2134,190245.67312177873
984,113654.66520464576
2396,365934.3249230897
1673,129987.44373235316
404,117580.35750790764
607,159420.7784524548
814,144023.95372995952
868,183769.87683863047
2271,181840.81516310538
1633,220432.4338356374
337,153637.33262785675
2765,166538.53937828905
1746,258486.45387011368
368,319439.9782214642
2806,203778.996554267
1662,189324.14446324
1234,217447.59093792003
1373,125736.00526889997
1672,115729.63428017446
1939,123893.9489408981
