Id,SalePrice
2658,300640.4206879423
2718,191353.35479941886
2414,259403.72293579802
1989,147008.2321750886
625,184744.6401278787
333,80897.58649342618
1327,135771.93133170655
858,220437.83970808669
95,246467.56264225012
1568,78906.63376174608
2482,220304.43207533512
1364,232094.9027629991
2584,153554.9582278612
818,256808.34952469237
2673,151239.90769372383
2089,136246.2139242919
1297,197468.66445153838
790,49934.352101328346
2616,178483.37258112477
720,280358.91401185945
222,162847.04242301296
557,107082.03478592899
1148,232548.97444195577
2766,134921.52985721186
534,233356.38029517283
1452,109665.77897047298
630,130608.95826532898
2648,261756.0053174401
125,189791.1927930643
1904,91371.4427288505
1670,88143.60403550128
756,208732.739835622
717,354687.83532611514
1032,212693.04349558786
852,268066.0373280498
1731,258642.41346035575
2639,200337.77893716216
2071,139186.60995024638
1267,169212.51926616702
1851,228239.26495023115
567,215955.6683148438
2439,274642.41852655355
1898,180129.67253408185
647,140345.9557631491
2256,280037.86201343616
979,76518.55619766306
1444,275134.98531445
2485,112726.09464193843
157,101432.85527246635
88,102455.44529410696
2003,156549.69180165834
186,343493.4965449594
1425,301034.17604991596
2695,271007.803307237
738,103096.49619164105
395,189358.16466267634
1353,164497.74596408356
1878,134038.79330480495
390,162453.81221903948
1456,296058.30306338903
1103,292739.162302588
1387,117004.25490076255
2070,134377.01029331895
1199,213526.99007635098
2479,231355.7648428513
501,300934.91233971994
2362,78076.56124172032
1718,233974.81475148254
2188,66204.5101565242
1483,212456.3590165375
2557,138843.2033992854
437,323245.774897216
2224,186575.32312144997
1628,260341.74147835028
397,144113.02779285362
587,209820.30738074784
2182,401019.9453490471
971,152781.62298226543
2611,130515.97356095022
1887,119556.06829633765
2399,298003.49785673106
2148,265563.0786684663
304,192337.34035485826
1997,209247.02649544502
2817,112423.25952510422
1431,246535.78830468215
427,286592.4388797204
263,125826.75323296909
598,188075.85303271597
2895,273598.7891400887
687,150805.64177758206
1822,145988.941583966
2191,176705.55707387734
179,224807.5450494931
1009,236431.62183991863
2010,93238.72202812362
1991,188257.416076506
1411,172760.16830755363
1721,268731.22564863146
1144,231691.2538886924
593,272026.54144270753
575,343773.0995359543
1249,164664.36481034505
1604,89114.1540558756
1064,261830.52499567924
1923,134671.17970371677
1988,184748.24858318846
2325,243582.0689498237
114,211387.26986070172
2700,162058.3567048988
217,135293.56724841782
343,158175.8631716793
386,271401.53549054393
2005,169598.93529559564
2908,123966.4026379339
1814,250655.14928321555
2446,400497.9154490811
208,277719.82345753466
1679,93595.77858984834
822,293175.4433766614
6,223870.40321957172
1781,307555.57482993614
2397,298771.07456943626
2340,261848.48337438758
1618,191085.7945036458
2843,174246.81157255688
1061,318939.6421654186
2786,116210.56727419421
1935,158578.59897329164
1341,98776.45550819422
521,296322.24824198755
2136,167305.16305299648
996,195672.46595277416
227,131369.55025711845
135,188144.77273269734
1167,170552.60809645124
294,236326.82050827172
1776,245392.38645452334
540,240819.36883351908
1717,235961.53362927612
2303,125093.98040596314
116,197375.4324292623
127,171175.95727449318
1371,247962.14099656473
1014,136523.38959894617
1507,107235.40101565662
702,176771.3081101663
750,209241.43404065384
261,183907.1322277606
1559,181893.61246171573
577,332406.62050496833
2812,280563.6553418669
2080,200466.3893180528
1368,157384.08798406203
2376,102779.83028511927
659,202767.27234111584
1235,108256.23107453401
332,70488.80019888502
1917,166947.27095344686
2094,264574.0313838095
1460,307942.7161151607
1471,256059.5365812096
1509,106524.87241872435
1922,119766.3311384921
433,349673.1761893948
460,264110.0953991327
1116,287643.0172210325
1137,217507.8620284611
53,242707.97172766164
2354,279623.8049671735
1475,268175.6628315856
1761,401990.42885016114
842,162748.79051492072
2739,144264.01266704887
2509,226092.80282206633
1007,275555.2960317646
2610,183355.72357081543
1952,223295.2322767985
2719,146300.66307305085
2921,74589.80127848331
1966,115394.582904646
292,160058.06743045794
1204,185692.29276365414
1829,310650.5397869564
2419,255059.2407828752
391,186973.68176680355
798,112194.9786125799
481,259572.1491222694
193,259873.13290374543
555,103723.09073114445
899,148317.13906133693
2357,208191.4556777111
328,111516.14542570265
1356,132972.84859994435
1154,114940.78816468324
1730,238403.82811929306
2249,145953.08619440038
1119,248710.42816014888
2856,136550.4557616017
1394,130507.08480112415
2587,152911.97506124037
61,297811.7935479154
2661,221029.2531910787
2711,113277.21136224459
1147,246022.53541978958
757,144846.90513873755
2623,119498.40366902217
2378,185183.23628591094
1413,117496.33134137618
1722,269424.32386952755
1112,275399.91021299735
1623,202104.433056564
1201,218292.95162973498
1513,134768.65060912824
957,428232.9581876359
1171,270475.20212312904
1145,258771.19201390838
2726,223815.02584551062
703,152997.6208962186
760,241164.96928286788
1964,158238.1526983323
2512,234458.094464795
159,197814.5350660491
1281,161496.3087599442
468,246070.25884297895
290,169342.61389779457
665,240207.66428654167
1463,314887.7617600318
1792,292046.69316701405
923,134152.774195803
500,292914.14827738074
1408,142846.2338900522
331,85561.18199772268
170,155837.85281260594
2192,70577.54387089577
2571,312708.9366062813
2314,199909.42727583053
2647,129951.38980339383
422,338879.0828995055
2457,293680.0719494907
1838,213501.05197362043
2805,302224.96075668023
1645,169320.86656027246
1711,316593.506691069
2825,260287.06494861297
322,299364.68515111983
2103,298948.2635767072
342,167461.36866532898
600,100128.94757497916
488,207042.5466690967
1725,278497.24891371676
2246,255306.99192704752
2847,160086.91196187603
806,287012.56557299837
530,268970.6103303706
963,260247.92070479048
2678,62519.07376976215
171,122705.72402133336
2401,330746.9694359773
805,277186.1568482646
2259,276515.94688993366
1748,259050.95725258076
1361,234788.05496078785
1677,100632.73885103379
1406,131057.35052354034
2322,243069.72171549874
688,162036.0393704205
143,130218.43102986255
804,263304.57224623766
1214,155206.9942423717
2828,141830.44256871697
1999,211104.6514994396
2467,247792.16177450135
2665,307101.7244562204
1538,353397.8534972663
398,96884.76027463333
2822,118618.37376164107
2157,207739.17153738454
1856,287489.2543022161
1269,135079.25787450236
2570,115616.9652139245
2320,274950.23659996514
1517,239611.09871468708
2304,121820.82828939709
1312,138920.21150937438
2012,124885.95281056638
506,279759.9167450657
2865,244879.53861760927
2367,93159.53371045954
554,185800.40455864384
238,108454.66421768608
1954,41181.20880665298
2488,160425.91486488478
2291,64915.06887667172
1969,120053.89971525248
2725,98803.31524304426
1482,212456.3590165375
2763,278072.8565909257
503,267481.87994435837
1584,285490.54897485743
1531,153916.1793829335
2210,237082.5888463159
459,283238.62467638333
556,111326.65567548471
1347,191268.06988481656
1290,180911.6014626757
1388,86752.52944974661
1571,314215.6662761966
2754,258133.76408721638
765,130115.29670533474
2494,102212.32426377095
2870,216941.69407189364
7,259865.0630279384
1114,255386.5493484699
2418,324308.83479458815
291,167436.58117002263
18,293683.2173526535
39,294824.66676703317
1001,258384.26832319683
2442,241275.80418482007
616,130021.03292231853
2680,99379.83861427833
1414,108661.61044714571
289,228484.4310993486
40,293076.4854491252
860,108917.47194155064
409,168206.25127792291
673,119369.87667485705
2427,244009.95021415155
2036,335313.2666621319
2564,142624.85880444004
642,149790.73125889376
1008,248368.93178716398
1908,156023.64474160812
2519,201517.66282002287
1369,298397.4647408243
2855,230690.64521812453
712,136186.73900924248
1943,202394.49376409952
1958,122825.42176890586
107,240594.17366201236
2295,207052.86246640226
704,224336.43088260866
676,117007.31552384846
259,262189.15469463146
93,307888.0742328429
106,278509.87124137837
2315,207626.43081641308
1050,101425.924926715
1095,212356.09008672985
2709,125555.10152176823
758,184596.7940467897
1496,85509.92907594798
2370,96022.59835235623
2458,268493.28496235725
2733,116360.61279144345
161,328233.36495405086
726,254697.53077509286
845,259938.108180767
947,289630.2579133491
2232,265429.79987004143
2563,175656.78640722806
2299,128726.3748062629
211,163317.0189438031
605,151354.50388876846
1478,255221.06465874336
2247,253592.4410475942
2274,197952.3604906221
2869,212752.96775021177
967,252974.97632470037
2656,124516.4355711249
667,210014.6018404831
1042,96776.04740625885
2023,159753.4784712532
2447,315065.3496704999
2055,109143.9301775069
2275,279432.08222000464
2204,225558.12146163752
1563,239615.45197283707
483,249344.99509680874
796,131292.10159255442
1526,204591.1369486199
2042,199410.0939604678
442,294661.034071331
1693,304634.96205388417
1468,285471.87239802687
1430,176212.67432438725
2605,298956.3996095663
1529,282823.4186725125
335,104751.49645179597
1287,171190.6601691317
31,73863.14821303848
1785,248382.49783929923
82,178710.94668326876
2620,168036.20823301395
252,266980.2226660724
721,68483.65752177736
2165,241272.9830976083
2316,173661.04138031587
775,138953.61283450405
1558,200530.22246975845
17,210633.52803369038
1022,281557.0018771475
925,141256.32700521787
438,283678.55616498704
1270,129113.38367524892
1272,101260.82760197163
215,181227.58612620828
266,285578.0732580469
2402,292139.6276366933
1250,107201.64256212633
1984,155194.87506916127
1279,136292.21940034395
377,314517.35775951005
1252,154607.66013903575
2156,302907.1567710375
499,321832.39330481354
1374,123086.07540333684
2898,267951.08517708245
401,101961.12874909668
2721,144120.89216220903
2078,288347.34704816283
2589,72813.71259417171
1946,269638.51402967866
1334,118574.42401982573
2781,295329.5307803162
431,312921.7981686874
576,249876.95956949054
1474,222857.9243295924
2254,115663.2502936373
2155,323072.9342223903
885,157448.9141764941
643,73786.2924424047
1944,164983.0509089126
480,268801.3893826611
2845,149980.07095889465
2387,307800.1250867882
2407,251109.68986680763
2527,150921.3290798794
2514,222082.10150875527
629,199409.74456167236
80,215304.09852076918
1876,116212.79815770875
1546,269154.6099413361
2518,238131.63832443874
2347,180798.4825238486
783,180460.0369232824
1322,225725.7863022354
194,138829.35223925428
1770,300316.32834842324
2143,163477.11293634787
1229,238154.27591723754
511,288799.2559698536
46,259107.6782236411
1348,218747.95361430978
2465,241013.59904788967
387,277595.78378660034
873,268372.2627394231
1918,128326.96574505453
2764,230515.17237035072
2184,119802.67941289989
934,201658.99483856768
1920,111705.6539293784
2631,149808.58326949674
1768,407327.9401986613
2040,205863.82005652357
1749,278807.424552929
834,266690.16921153164
1457,297657.8428352537
79,95185.83569085269
2302,86097.1287740922
1817,192932.43634477243
2755,284894.32957508473
359,240589.88035538627
2059,93411.661427649
2092,297288.75406728976
2516,256031.63429295874
150,137922.0126707906
1656,147607.64382452262
83,135396.1387387546
2411,233611.81818102577
795,119732.953239881
2312,283222.6355437216
2917,143739.31179484533
1624,259880.56781522676
2215,279196.10688448313
1211,138841.81897374082
1485,264792.9300476867
1024,225993.03680454227
570,212594.55591273008
2874,244969.5670960437
700,226795.79452450995
2756,272379.7627385878
2022,213689.61155750797
583,230493.1847032121
2392,311897.41417126264
2424,242648.18348315722
212,174723.89613387358
736,97436.14806783781
1610,140659.7796429251
890,88910.94475285149
467,248305.06308514942
578,259712.94267024953
1747,247831.189233484
1149,213604.89644414678
2758,266370.91652398405
857,110367.96911092382
2219,299722.91370672977
733,165117.88259132204
2909,140302.18332053066
1798,290817.37499128596
235,130142.2377709659
2366,153253.29494913717
1027,133351.19783045416
1195,118915.07377629197
1303,103876.01881830435
148,161279.03426861728
608,120512.4962870891
2515,235308.1951541075
821,277669.76515809784
2500,301459.124707788
745,90806.88904135796
741,127107.04111300473
1611,251851.91436075934
2532,107301.4666882942
1081,270553.59668880224
1692,327665.42442858615
2520,241061.102026996
276,160317.89675228432
1992,209374.57389952123
663,204720.81936743957
418,134319.2291144513
1733,263419.8879649177
2359,149188.02434518622
253,251302.23671916712
1518,223117.3520838906
2035,241125.46494260358
2919,69508.18940686819
1540,228842.33117241916
2120,172630.35233243924
1674,240107.88632447654
256,147029.86260362764
2361,100249.54742651127
978,92162.30993838055
2280,117880.66993420676
2095,266667.401420419
1709,319125.7027365032
2801,301742.5977409299
1246,155388.9348593265
2373,90886.3206511051
1055,278444.5303176645
2017,170348.56825933047
1099,280520.62262394757
1344,125024.43859338918
835,191704.07430510945
1117,243902.78987015094
2043,86737.46430320661
2085,92917.55452071986
410,189383.072250977
2650,220211.75498223325
2867,180497.36392181544
1668,105012.24095111506
1161,226405.43173027315
2122,244173.2746652972
2539,112196.78518642797
1047,160635.86540718365
1445,153842.83492193057
541,185737.53245450236
569,232003.14873756
1276,155985.24367680444
918,161905.2056381705
326,161427.99497828897
1936,163325.2819037197
895,48569.708779733526
257,165832.28452023427
1241,172574.29927643077
1545,206598.7674237913
1189,186188.0379971543
270,213565.2070765982
2066,221271.95191214862
693,172178.89231431406
1259,204119.3452719052
2916,107943.14598323283
2321,280040.55794424424
1977,185821.14377711696
1895,142917.14687535525
1240,137575.35242739905
85,178537.65488145477
1823,127093.10471880212
825,283851.87667471205
110,249215.92692551002
697,219564.33858951638
2297,99700.08346657743
1231,117295.21290061722
1355,116468.70949182322
968,318429.46404397103
584,258777.59327357463
1315,201058.20698214154
1606,89677.34747536373
206,241413.26943362204
1685,297256.71029941854
2016,114513.12627373479
869,290894.30998316384
2135,130280.86549125239
2346,207697.95777398767
2430,266870.8215286732
2198,147952.83810395602
2652,158270.93958252622
27,101830.50020302492
241,220178.13861284105
906,168795.42410513308
1506,124525.33513346559
2098,329824.89437806874
1435,267769.9793140794
2213,150500.15175591406
1274,143023.8662770739
743,70868.28187681205
1737,253468.23835596655
2797,326986.15839791566
2185,134107.17091206225
58,203380.1076953343
830,207417.98266719762
808,114973.62702752909
680,142095.38895730962
1153,118696.31988318736
1291,225011.4102695868
1818,172960.11672282766
2161,266909.50458874204
1883,111301.4068079282
350,294820.56848154555
2473,193401.79945120093
295,184883.06519639384
293,284032.57588784676
859,122118.49841878115
288,91714.2388837674
1578,246419.0384961938
102,223682.23375453617
2831,218985.57671369397
1030,149190.681705376
2551,117938.22005144012
1286,229195.77577743251
958,281762.1566401955
776,102644.54231878615
72,211821.5943137776
2263,283662.878183577
1866,175228.87489385076
2876,194780.84621549558
2146,317765.3609795817
103,234856.0200207633
1500,148185.7391958025
492,214487.0785176179
167,127305.34303978589
2597,204535.00877132753
2685,98015.18864567834
1035,175127.95885468277
1220,107908.84487261629
2602,207414.08311132342
2159,285074.48022787843
695,236487.1060810735
1109,275740.4615531848
640,158051.92983830645
1652,169856.56314542107
2090,209286.4274430516
1188,163162.05793672512
2345,254482.51275458527
1059,333165.09321546135
2751,291229.4978023876
128,174638.31822825415
1523,220316.02769627198
2925,123800.34847761106
2145,317747.62776016816
1121,256807.84911296205
566,309723.5906484764
565,268261.02143068775
1331,123672.11743352844
2928,112085.8063740645
156,121902.5534364408
797,128285.3544989003
327,80161.87415247584
2859,157945.9390046406
1453,76935.18168753972
1762,318328.6881615864
1868,231579.2856136803
1760,207436.38243373955
1113,290152.21288118383
1812,248961.4574672041
117,163036.0644339333
1142,240993.79475138147
2342,281860.3258131937
927,127411.09075701926
2478,194387.4382197616
655,121439.27688552078
2064,150557.58154366197
369,240751.91404856046
2239,187431.18778274054
2732,238877.94467663122
1653,238335.46335891992
959,254387.8520129048
2395,300707.1631668317
1412,142290.14479152454
271,290029.7311875898
1484,212558.86394814256
1497,192905.9336315952
552,176303.9178236779
2,121031.13676334062
1855,345876.13611360977
4,235931.10664021733
2292,154693.65055545425
134,114320.34033281123
646,125434.04275345049
42,294243.1107918073
532,255411.9538143863
713,130091.1701271181
2561,115539.09827933682
2360,120937.3690308514
1333,141217.16984774897
1407,203391.47036161216
2892,342677.6063904213
574,270550.78116023843
1227,199663.29953293427
2591,197881.76776884808
1476,264837.4487448046
1125,269512.57941398595
1446,152115.74528696522
408,39576.66704015448
1101,301238.38017803046
2251,211499.82992928266
373,171242.90764506382
2554,112183.99491124824
2382,295530.1445615663
1985,207813.0948835714
519,250371.13955650237
1093,200520.28012312512
864,322369.82383672753
2889,147869.91857495092
2308,165992.71633747604
986,151576.9886653662
1302,193036.91628572912
585,157191.55235054897
2708,69799.86989117034
147,116809.95065584173
1441,270180.22306291363
383,216953.45517357133
285,120771.11049251913
181,155581.50986281075
358,193276.62944947183
780,167659.45372676093
258,221200.43964112803
1865,192195.90139198382
692,120830.9494917116
2902,315928.6102749751
508,291197.92419426807
2638,175555.2509531231
36,186641.5373373068
611,162556.84179269822
2281,73585.48362536616
1678,135932.7662688154
1696,322359.7136802084
1557,171565.21110335927
2180,157063.7151978438
1726,259206.32384401912
951,106492.43598558314
267,298584.9756262426
2706,109113.39016241234
2221,243493.0452242619
1357,199966.2124548392
2901,308148.85564572446
347,214323.66145496976
2164,255382.4640438858
1586,345907.20487447886
360,221310.61099817095
1769,219926.76181925344
2617,243483.14696178926
1879,136850.96334443995
991,180630.55476702092
1535,113803.28932427132
1191,193921.11865613118
1579,270028.4862955273
1882,122364.12946785815
1510,98672.71040490718
2196,235890.49130783012
1845,226805.7747227529
2336,312068.73564704054
942,230935.88245821607
861,146465.38813146902
2555,99691.21775482266
1392,170750.459214735
2099,298308.8697468041
1543,139713.54027532283
948,255599.90027352874
1239,184704.83669578232
22,243530.18900119446
2796,230881.74993892582
2747,227739.1340263984
92,310085.7652789105
210,183665.06436310525
1858,255749.8665851334
2228,136352.57082014284
447,254658.68165904106
827,271892.1797146592
1649,277473.2473292354
682,109591.96243831783
2698,207387.7527536913
494,168906.41090463958
214,128142.77776824005
2441,314505.1614648334
2679,120455.66416917511
1336,76633.8123623655
465,262861.06243100006
1524,105238.4441447393
2543,110979.44784282593
631,124275.34126919566
2452,317330.50121740147
228,149782.19385687192
126,144758.46908639066
1092,249973.0058261725
1122,219336.47511789924
932,158941.27718331965
1980,176907.53944776297
2171,51122.894443321784
551,175389.27761544366
2768,183918.2501555883
2056,91748.25973087898
1159,337316.59745267883
2645,223268.19505456384
1174,237934.52888320966
2266,294963.00852460344
2462,301881.9589518596
1219,176403.94690814655
2922,144255.9190200509
118,125743.16563255046
474,238982.99728303633
2576,138051.18743740598
872,291503.6978991858
1077,214341.33756654896
1536,170110.25790723198
1150,104324.42967281037
2341,303762.90072752687
1931,159154.70047054422
2785,152250.62208416648
2538,111849.99918616991
597,181398.13252519365
464,258198.97427493948
233,268626.87364076055
2169,129508.46517063896
2123,247819.82778386623
1867,180493.12186656782
137,250631.52546711234
515,261258.66708841894
933,110341.08212575334
2784,175251.70138507267
972,127296.53782732549
599,143193.2983915578
2614,170300.10551776848
2582,146027.75761907516
1409,188223.0626411021
175,213743.83228777436
352,222382.1484763228
976,145383.1000459617
2134,275018.081565039
984,66255.11181097131
2396,295579.04490161734
1673,174438.18816592055
404,98603.19776351142
607,136543.79284775277
814,209629.74518757864
868,270537.59628209705
2271,188009.7543645899
1633,278288.5048824197
337,107486.72485470228
2765,157231.09666464815
1746,271024.7260699158
368,297289.80571647536
2806,258783.00731692874
1662,161461.99004060833
1234,232281.3977047022
1373,108625.83437781534
1672,96155.07206769995
1939,103051.20289915032
