Id,SalePrice
2658,153825.63326835187
2718,153467.4609145922
2414,206015.70999482516
1989,105850.60625382932
625,174361.780994226
333,92020.4707959284
1327,109964.61278193531
858,148859.4077766193
95,172516.9363694247
1568,170791.94468458032
2482,150874.7692929453
1364,125826.26492966176
2584,148845.92704641656
818,265888.58847466134
2673,164678.03354606754
2089,128600.81316714219
1297,167350.68383244326
790,115454.25618275662
2616,191795.7076054705
720,175476.9843493011
222,150714.18862425067
557,124237.65217127795
1148,189252.53165452104
2766,175890.56372454067
534,174284.1134349398
1452,121830.37765485165
630,115923.52476268137
2648,109613.81108082051
125,166687.71733760883
1904,71626.46586011743
1670,112419.63945646105
756,100718.51168905635
717,215617.27488330018
1032,197883.66662831436
852,207949.82860226877
1731,167201.8817083426
2639,125591.77233578279
2071,89756.95949929729
1267,117810.12668847243
1851,182447.42123295847
567,160338.7620352318
2439,202791.21750668087
1898,150863.47044242037
647,163784.28536566577
2256,230928.33680147692
979,94494.66678912725
1444,220189.84306496603
2485,125056.76734470407
157,128036.16626057352
88,120882.61845326918
2003,106620.42526264142
186,197953.93356837233
1425,238359.12900073297
2695,123862.95777028726
738,103592.49693792015
395,156085.778107175
1353,186905.36638545693
1878,137915.91823074612
390,165836.44590198484
1456,238015.82409142208
1103,345588.9034912665
1387,128035.89737758237
2070,135260.62983099598
1199,175900.6412671425
2479,173737.15042215458
501,314710.44859698834
2362,101188.10441085187
1718,203673.62399761766
2188,89264.83090020891
1483,158028.82217480894
2557,95840.05208652871
437,349899.7990228269
2224,210475.2672567271
1628,166846.32916998293
397,136270.16104221548
587,187799.74899037206
2182,611775.8568492866
971,136485.3637207311
2611,146071.08362998333
1887,103074.5125800113
2399,357683.06552647514
2148,196189.712144156
304,120990.70079330486
1997,130005.67748675223
2817,117140.16362972453
1431,214503.897996852
427,361692.94760677026
263,127591.85147579401
598,179574.44949945185
2895,219346.40017588093
687,148940.90540102543
1822,131404.58248878614
2191,110206.11557120549
179,121957.84737824267
1009,213237.3608147453
2010,128732.3219026042
1991,135559.57461960905
1411,170387.52343441136
1721,216351.29950965833
1144,188698.70079353746
593,209295.07026511597
575,281318.59800982533
1249,167823.5035170907
1604,122348.25761805355
1064,562156.2122599626
1923,152429.83287743494
1988,108874.82289193099
2325,170401.57658927853
114,198412.9360985174
2700,173806.46041057172
217,120296.35541737426
343,170108.51789524523
386,233247.22916859455
2005,124634.95735112249
2908,144545.19119315973
1814,210542.6084868185
2446,494536.10752984276
208,138181.39758862136
1679,105888.73642674368
822,318323.013262181
6,201271.84984467842
1781,378023.3935409643
2397,303750.3001134567
2340,363123.8314937402
1618,172917.34972695037
2843,126780.46940012513
1061,365047.5987779726
2786,126133.8372021968
1935,136632.21354424272
1341,113604.24752625189
521,277645.74515336973
2136,135386.10242027068
996,206187.76619297062
227,153113.91784680155
135,175247.9764302387
1167,173345.39653015547
294,254328.77869863124
1776,199675.57716282483
540,162030.50155273176
1717,216531.48866048743
2303,133006.5656802377
116,179204.6672070242
127,132521.3455458688
1371,131842.64034060785
1014,129378.93862854887
1507,109446.3927510787
702,115332.39518380235
750,150072.9803493741
261,149574.9521974296
1559,76743.7536586629
577,222598.27977124683
2812,196653.18173135625
2080,157162.07904582113
1368,110443.58452302095
2376,92934.04161156219
659,104121.7422599533
1235,136503.1246854908
332,76642.67222939144
1917,141033.3187832798
2094,248767.00966543003
1460,264360.89765977726
1471,215744.4745988391
1509,124959.08659638459
1922,138219.4129871996
433,535588.3580738705
460,241937.30881399772
1116,233487.75320672055
1137,166027.57027149736
53,167776.73154388674
2354,260291.9298839899
1475,191207.54460262792
1761,554556.7822947082
842,148423.36215017107
2739,169302.43608940183
2509,147255.31230681855
1007,194732.63530247234
2610,185508.16238050853
1952,83797.22462584334
2719,157624.63291660236
2921,84487.94263373932
1966,145906.41562901862
292,109522.3862231517
1204,185330.25830264261
1829,266184.60725442955
2419,180079.56261335194
391,146411.5288995468
798,106798.22392635173
481,197861.9795061477
193,200732.9081576456
555,123235.44927627979
899,64389.12298658355
2357,186171.59474375282
328,121403.2763493821
1356,103825.38395611639
1154,110901.66264006005
1730,173564.95762043662
2249,157876.5295069197
1119,293785.7168927701
2856,129655.80999027748
1394,131265.19020125564
2587,117558.24174358022
61,335756.95216260164
2661,171034.05869159242
2711,135020.82516306225
1147,171840.74338011473
757,123320.4779987668
2623,111155.01766904812
2378,140145.10350676425
1413,139901.88933992747
1722,198832.2998261854
1112,227524.5717114317
1623,197896.69883493666
1201,191398.36197161485
1513,122168.21590220512
957,362696.99433052994
1171,275966.03803776175
1145,190001.35810647404
2726,229297.31547464823
703,143867.33730672312
760,93904.53711709479
1964,149144.36747429852
2512,164481.7283073258
159,143479.19463464106
1281,157048.41395583804
468,183188.42916270738
290,118776.59504954633
665,96670.04285273133
1463,265154.982540929
1792,218865.86492366248
923,158462.22954527277
500,266243.7159385349
1408,182765.85694698067
331,90765.93486389877
170,111953.74204752667
2192,99953.88174964365
2571,274985.1264564239
2314,173803.6634913315
2647,97786.87050212007
422,470089.8886393159
2457,353597.32824502303
1838,177501.82901615376
2805,254300.75607287668
1645,158721.51421705115
1711,290730.90576796816
2825,235555.95417421026
322,321616.60903605144
2103,251535.39410945587
342,120042.34339521451
600,124649.0992966658
488,177604.98177282838
1725,340050.027515015
2246,324766.49000598484
2847,152454.29678884233
806,239541.13346312684
530,230991.96794524533
963,171549.64812144806
2678,93805.68294239466
171,86572.3793286309
2401,456882.6296112287
805,225729.53368133187
2259,231756.53019405133
1748,176312.81467817994
1361,143640.50677263996
1677,114974.26396617695
1406,186243.6194197441
2322,267968.5642554556
688,147687.59291200113
143,144310.7822427947
804,202410.85530329272
1214,181373.55863634625
2828,147154.93743799668
1999,213048.0150186588
2467,189980.89612941453
2665,150463.8144764774
1538,373680.51012650295
398,121969.69897464041
2822,145247.05255573808
2157,144797.23785946704
1856,177377.337552918
1269,101546.36146557759
2570,118664.79458396853
2320,231152.95874452707
1517,136039.96501971598
2304,125375.78323784494
1312,92571.35061777203
2012,129469.20768075039
506,235233.15693290439
2865,224764.68500428525
2367,102736.93025880793
554,88095.00476141152
238,130112.37697071413
1954,114758.8420213206
2488,125809.90389857609
2291,79189.82741820057
1969,118325.45049468329
2725,163864.77541479553
1482,154973.4050432202
2763,192470.00092804118
503,261557.80861501576
1584,250834.577972356
1531,140250.13581925584
2210,169422.16323713108
459,342351.47931501915
556,130183.09321164952
1347,126376.75578769969
1290,80525.82066580848
1388,106112.62647359395
1571,411569.5179518125
2754,192274.54940014222
765,145398.57227073115
2494,132839.45505726646
2870,228902.86521650467
7,220555.9246776142
1114,249104.03617775568
2418,266561.41107907443
291,129671.03516996291
18,418929.05874170177
39,416018.0270812486
1001,232470.71022154985
2442,223327.0742322581
616,123213.35596302037
2680,78894.07189763145
1414,135135.56146102774
289,162145.54273095075
40,264006.54020386183
860,124875.78250494383
409,126377.36492302066
673,151832.6263094211
2427,166847.66761076398
2036,209534.89666710972
2564,143301.73408267455
642,146795.5805825286
1008,180105.73747795852
1908,143532.872821982
2519,208913.02177115137
1369,83369.4544063769
2855,178317.03277514916
712,99288.37755897893
1943,110580.57346977452
1958,120930.0888179131
107,189222.17901963022
2295,187995.3130091418
704,96850.28798650097
676,138083.33553508797
259,184444.47134781317
93,287120.1066040761
106,251700.43134450435
2315,180936.0142659089
1050,102622.69121918554
1095,199585.85761829888
2709,144073.27662630065
758,133971.45636726022
1496,157165.8711390173
2370,122668.8083425814
2458,329405.1491182735
2733,127536.48837245538
161,259053.8232707563
726,149857.83848569458
845,206349.18893618925
947,260052.39217261365
2232,113942.62877054707
2563,149573.02474396644
2299,139478.1086258522
211,99947.18714098442
605,146385.93650551006
1478,190831.87928021286
2247,314296.04629679164
2274,241984.41124521865
2869,195837.42487776885
967,213836.11435078725
2656,123792.48981795434
667,200926.2411936618
1042,108440.04303451005
2023,171362.98391906242
2447,380650.6313336445
2055,126534.50523107115
2275,291683.3314555999
2204,184354.21248094272
1563,287050.9485362704
483,203674.2083352781
796,122226.87525074836
1526,158409.6510907497
2042,119539.17742475674
442,327063.0732184986
1693,334733.330003325
1468,222213.43756419327
1430,211778.08056037306
2605,127619.8230870195
1529,196520.64385066146
335,141907.7007341067
1287,128674.97453314852
31,97077.19442502284
1785,376059.9418766603
82,169355.21274896368
2620,130294.60018561663
252,183997.42721150193
721,69483.75529066542
2165,178408.21385277488
2316,188757.79958266075
775,130548.86355622893
1558,94829.03086618718
17,212265.78119625093
1022,216952.28504524607
925,139848.10744514322
438,289221.95451500965
1270,140309.77693863923
1272,161876.01582263532
215,123818.96808184414
266,227801.4593659243
2402,264388.20287615235
1250,127773.80765386672
1984,115589.84614352835
1279,144459.14807112166
377,233442.33501928707
1252,114667.85804236826
2156,268885.7513597861
499,330768.20573853125
1374,125856.66729817822
2898,227230.31030443741
401,117907.5613740467
2721,157397.6718288425
2078,244473.5737705379
2589,127064.22287080993
1946,216960.45464596426
1334,127820.19643624117
2781,221898.6176173431
431,409921.3871379611
576,184950.6131016413
1474,209905.71762070237
2254,139047.29619418527
2155,278112.3180236253
885,105781.31248097784
643,142306.96694954686
1944,126813.96564160276
480,197418.2062652195
2845,99367.81257114615
2387,315967.03034641594
2407,203291.78322223053
2527,165488.17830257377
2514,143880.4766691885
629,149262.5300616331
80,205793.32371592897
1876,140760.24710341613
1546,121883.12534856261
2518,170386.78386666553
2347,166970.4858890146
783,229675.18706536025
1322,49580.46925171232
194,82708.86388778122
1770,302924.89940427715
2143,140171.31794828622
1229,274599.511198531
511,300763.86812293937
46,233881.82297447853
1348,152549.22174672285
2465,188479.93984737503
387,237401.644805737
873,221996.72762910064
1918,144696.07110836252
2764,231324.39476431813
2184,140918.49482855792
934,129117.0956475914
1920,131472.63345788606
2631,159572.38277949506
1768,557462.4879486244
2040,117661.14439317798
1749,212593.9192979315
834,249415.17353820772
1457,227133.4637582914
79,120479.15307770274
2302,123076.70857915655
1817,147267.23136349395
2755,225680.91552449894
359,176927.9458660838
2059,113772.20925110487
2092,226331.44216190037
2516,222898.00639025497
150,120938.23135432016
1656,129860.66005759183
83,95740.55630777605
2411,175809.20570366882
795,86385.74078253783
2312,212819.94305037754
2917,91513.12820429869
1624,175590.53501190373
2215,344225.5361292722
1211,156276.16647034735
1485,156590.12766846313
1024,185000.28620283736
570,207654.01979862992
2874,139602.0555118407
700,106013.70571023255
2756,205153.47111538722
2022,186527.07216325292
583,234859.2406376443
2392,377273.8991030356
2424,180670.28579728535
212,106693.85630718866
736,130304.251843486
1610,163734.19570506457
890,116905.0696340793
467,180603.06014565885
578,218509.79888515195
1747,188721.90990952638
1149,149623.9755018677
2758,268644.8615054202
857,142818.12087112886
2219,300813.2091255096
733,103650.9537487188
2909,111474.66176265659
1798,262274.2717732134
235,119065.17430564913
2366,119846.65137440582
1027,140862.16260406456
1195,137174.80021622317
1303,62579.1499361757
148,216867.82103106484
608,180286.5432871045
2515,203312.152539791
821,274773.6924258901
2500,254331.2061783719
745,106168.04076468153
741,126358.2024553533
1611,96959.31728760144
2532,130140.22219171288
1081,245490.02707823424
1692,486107.4731014618
2520,206211.9221426771
276,117243.72723605821
1992,123191.85242187673
663,58857.016557436815
418,116443.157929892
1733,190192.10365258958
2359,153227.64732180678
253,177404.39155969056
1518,184032.21431624657
2035,139810.33037564484
2919,77998.81451191139
1540,276746.68729032006
2120,150499.54231563857
1674,173149.53536362504
256,156551.3608604722
2361,106018.20700828964
978,82094.52917570513
2280,145424.0526717506
2095,219367.47547723493
1709,335273.2337839302
2801,247791.18165346794
1246,109151.76395540115
2373,99157.73723364598
1055,317840.8472244985
2017,118645.60488757215
1099,259454.890276689
1344,86390.63139385842
835,211825.17887698972
1117,215619.62953488875
2043,93982.59460449239
2085,195165.71989811465
410,142692.1414945646
2650,109150.12994352073
2867,191034.4809476172
1668,120918.40122178954
1161,154285.51681473223
2122,176479.26696985975
2539,154703.42920276104
1047,136938.15808112803
1445,131509.1873452068
541,130346.16611326074
569,225930.72045845893
1276,107444.60332090963
918,151214.5171296
326,167544.01147259917
1936,125339.3173044647
895,94630.0213614048
257,161766.63726929016
1241,173354.33717504478
1545,116399.14983597223
1189,173098.02643939844
270,150080.5203238856
2066,152208.08132706105
693,114156.16900098044
1259,138411.44590058012
2916,147486.8232562878
2321,295712.12645534525
1977,91286.90167945441
1895,140821.6957567723
1240,162156.79939398155
85,158667.08806163474
1823,120929.60021801709
825,295326.16154420754
110,247509.31940424396
697,108776.39111401886
2297,122230.57815426831
1231,139555.64878319463
1355,147651.62636746027
968,314164.03741902905
584,226502.68850351192
1315,126213.26454364375
1606,147027.12277044437
206,106062.06832396606
1685,378824.1321015073
2016,134441.3821212901
869,200845.24233934967
2135,129850.98960919285
2346,177371.80733268312
2430,247797.80740728206
2198,92496.74424272771
2652,125981.52194141485
27,117958.0324911442
241,161536.5156335941
906,132232.23788803275
1506,111108.68080921378
2098,371977.0193736409
1435,231383.36624758257
2213,164778.31671589633
1274,136244.77018732522
743,49642.70034879612
1737,190227.26936635358
2797,278470.0355823204
2185,78903.61190224157
58,171233.8862303073
830,198218.9228815435
808,118756.17231640818
680,136829.38152521563
1153,110418.66633127334
1291,132380.54778974413
1818,132357.60358820425
2161,178806.82667259162
1883,124988.17958100323
350,343620.9316989938
2473,142015.36879609188
295,192320.76588520984
293,186074.5011381448
859,134789.22071740546
288,61532.44900521534
1578,151221.6000961659
102,193391.23304113347
2831,134126.1833416036
1030,159457.60884963302
2551,147482.8905234788
1286,151020.60763232445
958,317734.6465478146
776,135260.67720933928
72,251522.75528367626
2263,266582.8115365888
1866,147433.18854347066
2876,74005.76217977311
2146,245628.75948934877
103,167749.790920005
1500,142051.5649028439
492,183116.33526209678
167,156277.98244234378
2597,123230.14484837638
2685,113309.7383385947
1035,155763.2884637415
1220,77834.90794143417
2602,160229.49082643256
2159,204774.20346260612
695,133846.75320745996
1109,286625.3734584781
640,175250.57232058694
1652,142858.42615197098
2090,158810.93942852473
1188,184365.49446736544
2345,239954.5639322137
1059,419852.6792629698
2751,231939.44943489402
128,198405.40775316095
1523,188506.03633411572
2925,190875.08418220712
2145,297623.7159817279
1121,220518.84448647994
566,251831.12145487306
565,247560.11268422028
1331,133514.41271228288
2928,130921.80422681526
156,144649.8522288497
797,132619.06185237708
327,95680.22189794376
2859,150634.7958983197
1453,121797.36301546881
1762,356943.76730743307
1868,208898.3214345382
1760,179677.13542501183
1113,236166.851133023
1812,192121.81347418315
117,161250.27402272908
1142,196793.25286708114
2342,411906.1895593165
927,135188.87651586795
2478,184313.148280681
655,91514.00534846762
2064,120494.83756536571
369,290649.3557912425
2239,112984.23727812644
2732,256828.2168408012
1653,158070.22883059012
959,219962.25373513467
2395,355772.50182554306
1412,113544.06032061402
271,253380.95367310126
1484,156120.76222848863
1497,157266.03319282067
552,159534.56949594693
2,117687.09980162836
1855,310545.1576819693
4,253377.12810029645
2292,155302.8075730752
134,141450.0107344276
646,108428.12878739976
42,299973.1186688515
532,241243.30449511122
713,87332.1452113415
2561,138655.5985339045
2360,128025.18821216421
1333,117371.82324859091
1407,259467.0089516421
2892,293114.7780975348
574,221216.3139955161
1227,190486.7605245491
2591,227529.29538258244
1476,214650.66895477395
1125,249140.38191391423
1446,142989.4717957294
408,115733.30263024899
1101,286504.58753661806
2251,198996.8211607082
373,176407.88652073257
2554,129278.56244828622
2382,265240.91689987265
1985,89475.32666346157
519,259517.3433968373
1093,193498.70893299434
864,243151.71362657537
2889,149596.60155959157
2308,191256.97181579084
986,166000.24780040947
1302,146196.6037481571
585,158834.43921556885
2708,152676.32030671055
147,140667.64212475688
1441,229952.14162579828
383,177052.81505934917
285,143444.74733812193
181,107192.93085814588
358,186033.61854381947
780,159641.40557796945
258,193870.93647552823
1865,232725.9780573764
692,121835.60781069161
2902,351706.0905577619
508,282164.0276895504
2638,150421.1585175069
36,144683.47422139713
611,172589.52131636182
2281,162745.4761607447
1678,112826.91131961133
1696,501778.4624969418
1557,82360.85149877198
2180,181375.73393481955
1726,240632.52876305018
951,144577.4612303348
267,216950.7145654739
2706,139385.33862814805
2221,247739.99356044532
1357,189035.4047254688
2901,301654.5878313823
347,175662.05736675116
2164,183788.2792167341
1586,322355.97566762724
360,148351.5225808396
1769,251966.90587284527
2617,166247.75849764515
1879,169220.58738540218
991,226611.5921136059
1535,134896.02782524112
1191,146207.61014288283
1579,213863.62550171686
1882,130518.78262117822
1510,134674.8124928759
2196,139777.6069132228
1845,179106.4174249847
2336,428482.5104697141
942,93760.20068594356
861,135528.31325573966
2555,115390.90337347792
1392,155546.57747180108
2099,250364.95771937552
1543,117040.35225767501
948,263929.0924285827
1239,176530.1486293913
22,189174.31229323344
2796,244871.3232109592
2747,185544.09176019236
92,298223.5564432114
210,165521.33501980503
1858,156866.4284726081
2228,160481.97106010097
447,242709.60873500071
827,250365.71579499036
1649,205632.44499940638
682,130442.51193041142
2698,103980.39047750022
494,166330.03888603268
214,86055.5592647109
2441,242012.5573330733
2679,111818.07540336504
1336,115790.07007750406
465,172272.203185029
1524,142872.75606190867
2543,110984.41705795091
631,142279.7348064264
2452,312563.1457147024
228,153469.13714534318
126,174177.6630894384
1092,232432.60832669254
1122,202410.51440424751
932,227542.90783465386
1980,87174.12442238446
2171,103320.72792355932
551,158973.6619812382
2768,197228.48111354452
2056,116306.17377409496
1159,349213.44575375883
2645,123109.76785879202
1174,173137.36932739412
2266,185135.29483483813
2462,381470.24662208237
1219,141924.92439072588
2922,169804.86864790518
118,150585.10394300683
474,168288.14969311628
2576,150374.97814811705
872,269271.341198194
1077,200330.25707815384
1536,134146.59803872398
1150,124756.23251690523
2341,361091.51473848993
1931,147998.19946240936
2785,135117.15056529516
2538,127646.2725976777
597,207592.97325614572
464,178312.6409762721
233,237544.714293077
2169,129641.70280360352
2123,174651.7079050013
1867,176338.19929643848
137,222591.56320531672
515,259428.81223686083
933,112683.85306101134
2784,160357.62593696496
972,157943.1670405337
599,171923.93186847036
2614,122509.40553899486
2582,138591.1720863205
1409,166376.2386295448
175,95521.48874981233
352,203964.00147551709
976,94422.86189122155
2134,188581.42474081606
984,111714.91062561973
2396,361899.2073438709
1673,137356.0076015778
404,117148.9020876704
607,167588.47505298888
814,143359.15026942274
868,181779.79221565375
2271,174913.57498482545
1633,234513.6382393628
337,139752.81908834277
2765,161014.4454196684
1746,230703.97612608562
368,427039.9375390633
2806,209304.0433811606
1662,181274.83216402898
1234,223355.60301358945
1373,126306.94114254478
1672,119764.0763853829
1939,120971.78471379638
