Id,SalePrice
2658,144290.02894599386
2718,150687.16989710665
2414,211405.90443403844
1989,107740.30979615412
625,175494.32056117122
333,86940.43600777985
1327,113821.38149590351
858,150755.2767509049
95,180408.03477033568
1568,164194.1337868353
2482,149037.4675842744
1364,121307.98404981694
2584,139644.26599716232
818,285748.1061373424
2673,152497.69350865443
2089,125400.39655405599
1297,175768.5737425369
790,118884.11071442641
2616,200622.41353279277
720,173453.60109104798
222,149272.14242717967
557,122167.54295120036
1148,188260.64737523807
2766,170759.34508303343
534,171296.09510631434
1452,123310.22770745138
630,111354.79406675213
2648,118466.91872982553
125,163071.63289849553
1904,78441.41794666354
1670,105694.37005635825
756,94205.52811993164
717,239758.79928885825
1032,150901.7739213261
852,209579.89657800872
1731,181006.8249055661
2639,113913.0156402253
2071,98498.75331342912
1267,108580.11529104397
1851,197167.47473961333
567,160586.1932168748
2439,200431.5031235119
1898,152141.9916944608
647,159449.25063757462
2256,211088.5715012486
979,93333.02701070732
1444,216912.88782075292
2485,131527.0603341214
157,134736.6593123995
88,126005.3869974477
2003,106709.90251189908
186,210033.45695554485
1425,242644.821863573
2695,127598.80617174358
738,107290.7023606924
395,157133.61237235472
1353,162939.23264668632
1878,134670.9130290018
390,159461.85003774962
1456,231821.94514092343
1103,326930.1145031054
1387,140003.19379534596
2070,142886.28239153686
1199,170397.24720258522
2479,169600.84734592756
501,319066.92695555737
2362,103760.83078742668
1718,202788.47424780455
2188,101591.73882277813
1483,156649.2013160354
2557,91988.81418854525
437,355083.11824067554
2224,214511.10408472488
1628,160075.59539952787
397,136810.56898639523
587,191375.30867193796
2182,693391.3813431591
971,128968.11157476538
2611,144722.16631566218
1887,103096.89864055876
2399,367920.74150606815
2148,192751.46708614667
304,127390.94794333447
1997,133178.9073698455
2817,98312.38920998559
1431,213480.74779305316
427,366538.315836609
263,125963.62945833335
598,171875.0148128106
2895,216328.73130982922
687,144662.36465034817
1822,134675.3416039681
2191,111313.61520482624
179,124705.89666950321
1009,206709.53577712196
2010,135919.03910823754
1991,129356.76083626706
1411,186104.70654843326
1721,232012.55364871974
1144,192272.83597514412
593,207849.03667917775
575,318523.22436487325
1249,174187.20867752857
1604,126142.59780080193
1064,503824.78344552463
1923,154408.95184173415
1988,110647.20656387389
2325,167176.89711121225
114,193574.50470981424
2700,177747.71455966224
217,127630.57336752905
343,177156.5380994569
386,215513.84257274898
2005,118979.90156944995
2908,146924.13826440892
1814,225941.353217502
2446,538835.6157484667
208,130816.74116007211
1679,104255.60649193104
822,332743.37666680873
6,197107.86867089022
1781,426265.6293018402
2397,296855.27874179144
2340,316297.9294148296
1618,175201.16011830856
2843,114361.83719842334
1061,379566.0536206082
2786,122456.9109735493
1935,141017.74882014375
1341,112365.24833941978
521,266801.4667737295
2136,134892.8002985616
996,210145.9555414563
227,144612.13673928677
135,191678.07115288288
1167,168645.15463317468
294,229763.26503690827
1776,210799.7343580631
540,156073.71795141033
1717,206907.3715232921
2303,133019.7761097905
116,179657.96558329757
127,138598.74086878487
1371,131512.84594970418
1014,158198.4867699866
1507,107054.44393065214
702,123500.30195791589
750,147783.6118551456
261,150037.76240063788
1559,68708.6559802489
577,217829.7439609912
2812,193072.42522044215
2080,161613.67783991632
1368,107520.20840301695
2376,125438.44295964502
659,107068.99958408339
1235,136608.00448586437
332,76746.83040806312
1917,142660.09245360806
2094,251646.29700441263
1460,277995.8157798433
1471,218981.0398327322
1509,129153.20387540784
1922,138578.62990158127
433,506488.4507153919
460,257029.53596994237
1116,240006.10787505587
1137,161610.00041610622
53,159122.83081009315
2354,262092.51314668966
1475,191357.3814246091
1761,598655.7770677469
842,144605.83529876973
2739,177932.06484644368
2509,146426.08871071442
1007,184589.5625034464
2610,183209.67637592452
1952,96274.20330325367
2719,156362.494515731
2921,76480.21382329825
1966,150211.76702303567
292,108194.95978413649
1204,185749.01444838278
1829,263648.6976090614
2419,188291.57985092475
391,137746.8683046708
798,106090.62840676238
481,191198.5054000693
193,196789.22669528116
555,117321.46466788187
899,59857.13586777949
2357,178550.11360242634
328,130708.12090430965
1356,109727.16676099817
1154,109134.46818686671
1730,180009.65607558898
2249,163179.449892763
1119,290307.29499278247
2856,144180.9372576986
1394,128689.238450125
2587,111683.54034288644
61,339559.7637504849
2661,180637.1799719259
2711,133413.9736977013
1147,171993.73349981144
757,123985.82293379716
2623,115603.95572066246
2378,135333.45368739136
1413,146794.2658173205
1722,206784.89333869825
1112,221802.5407248254
1623,195790.94849490377
1201,191553.23731827253
1513,114569.07695291482
957,393336.7110844444
1171,262219.7765453401
1145,193418.61400681623
2726,231602.04305734579
703,147008.11771728934
760,100880.57252158286
1964,153536.90285435907
2512,169484.38244727787
159,148545.4246951486
1281,156851.2817326443
468,178359.06662642863
290,121485.57484265465
665,88620.24209146004
1463,260418.11616288038
1792,228396.16501808361
923,169876.19220009012
500,282073.9646566851
1408,188789.29371481916
331,93216.5904200774
170,115961.09906928764
2192,103201.88412745889
2571,319055.70504454337
2314,174189.36697475062
2647,85863.19444997232
422,434949.194507067
2457,382810.5706684891
1838,204129.5211320886
2805,258719.4485982613
1645,149831.51781668956
1711,297503.82780472
2825,238560.20586719376
322,344553.4883805441
2103,259245.14018185018
342,122154.58923070118
600,128254.33128770035
488,172088.12008476703
1725,321702.21889505186
2246,297300.1632389941
2847,155416.9521079003
806,229409.60428823487
530,229794.47017525247
963,186056.26917243595
2678,102398.017430275
171,88109.91207528123
2401,434521.7281888637
805,216277.66932691747
2259,246027.0991450532
1748,176636.18418908748
1361,144276.1516628763
1677,111742.94609984235
1406,153373.85313948395
2322,252393.7827430847
688,155249.49487159713
143,143255.5687844457
804,201350.78867133104
1214,181781.55588548153
2828,149246.1135200407
1999,188088.77893106994
2467,206376.68257428627
2665,159288.92831975836
1538,407734.0925668471
398,120972.884179975
2822,145406.454437287
2157,137634.94024275022
1856,192467.93870494753
1269,99142.63372263433
2570,115586.04294372183
2320,241696.788610006
1517,137816.94960883353
2304,134644.68855592105
1312,96607.35427445685
2012,129993.77917973905
506,234399.40782838123
2865,217025.56744349666
2367,98408.92968117217
554,87953.24639528921
238,134780.41937842508
1954,106475.4890292654
2488,121065.35430781041
2291,74175.38051229942
1969,119566.10449747244
2725,168465.90931852398
1482,146893.22030852435
2763,196879.97568654045
503,251612.55022629563
1584,242757.8932668885
1531,149124.7350039517
2210,176504.32681634132
459,337077.33326851635
556,135332.215294843
1347,119839.30108891705
1290,77480.26302647006
1388,106803.37882962322
1571,310933.26421274693
2754,199580.8148057552
765,141264.06457263292
2494,134655.12209018564
2870,235879.9166544886
7,222133.88852153107
1114,253123.6633571589
2418,276681.9070201471
291,125869.98449843132
18,357575.17662611674
39,374264.957350009
1001,260011.2175572184
2442,224273.9291016241
616,124765.50781569984
2680,89288.30007791471
1414,122821.08166993223
289,155276.56021943435
40,256882.20203176735
860,121643.16756534546
409,133912.24528986495
673,154394.68649100096
2427,179110.80087603506
2036,214849.4478610279
2564,139775.02074959638
642,144546.59755219743
1008,174785.8357098807
1908,139428.50687217872
2519,202144.20674007758
1369,79074.41275106261
2855,175182.66330436853
712,101647.85395409474
1943,112032.47900267158
1958,117232.51272613597
107,154431.81863708017
2295,196554.54946502316
704,103321.384238524
676,148476.85980560884
259,179437.0850505782
93,285959.98823526024
106,241861.45092489
2315,178059.69174533183
1050,94525.33685038102
1095,196222.50423726253
2709,147857.10361821303
758,116144.07507356851
1496,155364.84388189574
2370,117309.13315979324
2458,288288.39172364667
2733,130307.65543799118
161,252423.68254071046
726,148246.91639345887
845,203555.7184313692
947,243342.80192780885
2232,106119.13973021808
2563,144331.61364100524
2299,139875.86443145195
211,90671.74726097855
605,153190.0805376909
1478,195937.19320038232
2247,293748.3596873017
2274,222849.3889488891
2869,211643.07274017975
967,211296.47544822423
2656,125654.20172795202
667,206535.57794569197
1042,111471.22000678962
2023,163550.03261639326
2447,401425.7286161416
2055,143799.03068977603
2275,299886.3225804772
2204,171530.82931370512
1563,287120.084225513
483,204346.6346828517
796,125718.60139954259
1526,161488.70941633242
2042,125470.21296543744
442,348338.8416022974
1693,324880.3391862643
1468,215105.52356458272
1430,197292.87287219823
2605,128123.51702637319
1529,198793.60372989526
335,151160.3077746071
1287,125186.95901429391
31,96055.65668360062
1785,324862.1023022834
82,161787.30237603758
2620,120693.10495886116
252,179134.96902843987
721,64319.523680043436
2165,187696.46432525897
2316,192709.14368281755
775,134452.56680016348
1558,72144.41120536433
17,217452.14574394614
1022,217304.72562486568
925,134645.85427021421
438,281334.4625876533
1270,138919.79795012873
1272,136319.18377936896
215,129086.25068558988
266,231512.59512286374
2402,281224.6888112945
1250,126554.17737494444
1984,118428.02175494458
1279,146456.56081995514
377,245203.13679855125
1252,104582.77520976792
2156,266584.91950463556
499,327581.641954638
1374,128020.38281306147
2898,262755.5903564106
401,116405.96618426478
2721,145443.50403773674
2078,240274.24419942783
2589,126240.15775923152
1946,232250.81719568948
1334,116582.65920313357
2781,216991.55390214734
431,404514.8343069973
576,197194.8455711298
1474,206723.91213969325
2254,143001.35677367926
2155,280057.3134379023
885,100871.82021680198
643,146940.37166899425
1944,124934.20908816843
480,192426.67859104226
2845,91615.76454898671
2387,323661.9907658584
2407,204771.04545610942
2527,169497.08020690278
2514,142519.60950360485
629,149316.86837616525
80,203677.59134478294
1876,140583.0461405977
1546,127295.23232340264
2518,171886.15881412465
2347,146967.27150291513
783,230091.28554349107
1322,45179.07462031426
194,81479.17868525832
1770,294069.375137218
2143,154713.9874854161
1229,229066.518631944
511,286990.1753929412
46,223554.7388071792
1348,160537.28175556305
2465,204145.78230615996
387,230919.61138689646
873,218241.86697654717
1918,136499.01338627096
2764,227253.570369096
2184,132612.73295535368
934,128786.99633294904
1920,131546.411565919
2631,149606.67699135243
1768,643086.4738134297
2040,116851.29055307018
1749,212171.47988764202
834,248038.82024308023
1457,226559.04039345647
79,119398.17028127928
2302,131779.96422977626
1817,152575.63036265926
2755,234996.13629321323
359,175486.9255323928
2059,106704.75728588377
2092,233295.54346349888
2516,219891.9434956381
150,119739.8168227592
1656,132897.73232594208
83,88301.00499345115
2411,179783.68893975345
795,87144.47346983547
2312,225214.98068131023
2917,104956.09744583206
1624,171158.00237265797
2215,306303.2210147903
1211,152687.90784451252
1485,156317.54642443417
1024,167660.53621792232
570,194597.3887815056
2874,136709.39010113812
700,110841.1501246809
2756,211610.55164501135
2022,188169.3651201684
583,224145.5082679327
2392,372922.6670665539
2424,169392.83013294454
212,112486.36195925549
736,131956.6538901601
1610,163697.6173570133
890,118659.02035075173
467,173491.83201700784
578,219745.19869531196
1747,193990.56644102826
1149,150350.1232881051
2758,252487.69502342798
857,149907.00265433214
2219,274508.96436136914
733,94550.26128109822
2909,100370.14267339886
1798,272565.48248654185
235,119434.24593018966
2366,116154.32630270383
1027,134911.36379026013
1195,136362.69760336177
1303,65683.00205204134
148,189138.9078927929
608,164161.38310724526
2515,195532.1783396357
821,279571.7934406344
2500,260009.99982601954
745,109217.49701173976
741,122764.34855517113
1611,102575.50094376634
2532,128930.1965589489
1081,226164.48901971118
1692,465756.9925652427
2520,175853.29517861694
276,107913.16282854782
1992,132044.420037076
663,74488.01261030241
418,127671.69398729826
1733,196828.32119234224
2359,148120.9272427557
253,178770.03761033888
1518,170279.57110754904
2035,140872.01121356452
2919,74828.29933738674
1540,255048.65974812047
2120,148951.87273748626
1674,164343.09747916437
256,154639.29110455024
2361,120695.93546929762
978,74178.72249073075
2280,143339.5293783233
2095,221122.26982145256
1709,338044.8815653076
2801,248101.56447460494
1246,116040.32855308536
2373,92129.67305102923
1055,299315.56646271504
2017,122348.68461019886
1099,275203.7438511807
1344,88004.08331525982
835,198460.88127210556
1117,233596.86599766155
2043,84534.57278393288
2085,136021.87708892577
410,139006.18926483288
2650,110828.62296698245
2867,180856.02037369637
1668,119369.63172064246
1161,156415.3351367059
2122,164458.23874114128
2539,154646.39718840117
1047,135869.11451394268
1445,132928.41708708042
541,126839.64634227908
569,217899.25242045335
1276,117736.3471233398
918,157221.44294140014
326,163056.6827997999
1936,126773.42406862025
895,103235.80014346275
257,163479.96456123132
1241,182964.11876466966
1545,119985.80370081641
1189,160434.55527423738
270,142219.98367732522
2066,169120.18122681446
693,109857.66092481422
1259,137169.47447909514
2916,149460.0269812988
2321,300387.09233536554
1977,90549.13812776514
1895,136613.57976909907
1240,171603.4958342654
85,154538.1576741897
1823,126308.36656209953
825,285201.85516911634
110,229288.74201177782
697,117239.28571052344
2297,124170.88663538665
1231,140763.7926758061
1355,133545.82831582712
968,344227.00821027
584,227233.40893393388
1315,129606.23405098924
1606,144259.26436400253
206,93316.4346972162
1685,364730.5181919262
2016,141587.78564154112
869,202187.89321044803
2135,119782.33970417466
2346,174672.37112955243
2430,225082.08814071695
2198,91239.92751000088
2652,121066.37296923102
27,119419.28129503301
241,159254.0265597238
906,122838.12302182413
1506,126587.62200911882
2098,392998.46437317575
1435,225754.7876444421
2213,151130.12982366793
1274,135395.60066751912
743,39378.1961081264
1737,195057.5192538503
2797,273747.30635228293
2185,72183.36829193198
58,167110.4970765516
830,199631.99795623266
808,109961.96420918943
680,139850.5041913658
1153,110454.7894519565
1291,130452.95908776992
1818,143452.6491432271
2161,187192.76198147234
1883,122677.87645317492
350,357498.79632934503
2473,146142.25572567695
295,188454.00137198478
293,187175.42462381397
859,135740.00954533325
288,66738.04112219729
1578,152411.88149289976
102,194279.34026056295
2831,132134.30343087655
1030,155861.9896146427
2551,148498.48734789857
1286,149648.50370828618
958,323033.3871085576
776,140074.8589148908
72,247580.44906582494
2263,264559.0150362549
1866,155411.79525130344
2876,75040.95530888363
2146,245255.20121734752
103,171173.36710794587
1500,135645.2772648892
492,178766.0840291089
167,152621.06137859824
2597,118413.66421344774
2685,111017.85601648991
1035,154256.68940025716
1220,83439.1787117904
2602,155264.38168786018
2159,204134.54391776107
695,129729.06730093014
1109,259901.24097556446
640,189074.3670940451
1652,144081.2295563178
2090,185729.72059989665
1188,171408.76284432347
2345,243023.61693370488
1059,417388.8722150136
2751,237271.01164594787
128,208951.70084817155
1523,182048.79866569344
2925,183362.49865720127
2145,305521.0270976817
1121,224326.26302214136
566,261055.71692696153
565,240089.45991874314
1331,133101.84255836275
2928,132620.2782957778
156,142245.9093336608
797,139375.45657152048
327,87901.04221317176
2859,149740.42935952003
1453,125577.45952391297
1762,352487.5446320561
1868,202687.61166305
1760,181479.15325749165
1113,237638.05554742127
1812,189545.8733037647
117,154143.8188200992
1142,196884.94417673693
2342,408797.17090594897
927,150318.53039803932
2478,186594.0594717097
655,90977.94212716309
2064,120979.44659804992
369,264999.3007198299
2239,119806.46041883813
2732,218081.80759805377
1653,151577.86736327206
959,232483.0330317097
2395,350809.2311332283
1412,114480.565895987
271,246012.25082272067
1484,145923.52213543057
1497,157055.3692682586
552,162323.3981178248
2,117248.60902643346
1855,304626.73615169135
4,271562.37010988523
2292,150514.09644000756
134,141182.3574431887
646,97888.76899982893
42,309427.15293537895
532,227029.54261871977
713,95586.15397118194
2561,137303.47688395518
2360,132904.2155677314
1333,124836.36458516728
1407,237006.8906574977
2892,298043.65046126244
574,210584.27643190284
1227,177338.37045877558
2591,204924.20975138532
1476,211975.51882396595
1125,266905.1964632437
1446,143940.79729324178
408,118431.16274787436
1101,287778.7962440965
2251,189664.76582484227
373,175627.83698393725
2554,133045.34948717506
2382,259565.44769502647
1985,85957.46313220453
519,236057.00434535023
1093,194136.72624767935
864,241773.57352499658
2889,141554.76504220793
2308,190888.0237739711
986,175587.46557679644
1302,145042.10046969942
585,151409.52134810534
2708,149212.14939332876
147,136255.1563821694
1441,220473.49708489983
383,189201.39548188527
285,145732.53359268076
181,102133.14822520301
358,184156.86033842756
780,167651.7990388513
258,188996.5776113975
1865,230913.17594199482
692,107577.80099774021
2902,342666.2394644986
508,265483.5991707452
2638,150632.89211434504
36,137392.64512808368
611,171451.46023552268
2281,158544.86456237637
1678,123840.6789596912
1696,472798.85400019586
1557,81037.33065396956
2180,163811.7972277754
1726,215665.70760224437
951,147282.83591927766
267,221517.46141378098
2706,134230.01295816142
2221,249199.64998349766
1357,178374.98503868395
2901,318317.46791030304
347,169195.9985369837
2164,186651.5078645005
1586,309579.86745012924
360,146548.1906741563
1769,248872.9255035796
2617,161462.61055949863
1879,122040.36914784723
991,239656.9931742379
1535,128922.39837427484
1191,130341.80682863615
1579,208996.34915242746
1882,141106.41849738517
1510,138382.52620394778
2196,142642.84651809902
1845,177967.27607587623
2336,400077.0259526245
942,89607.18958861585
861,127389.68947725196
2555,123648.84910914526
1392,163644.98525596666
2099,260338.7928321206
1543,113296.71772254238
948,289817.30158642615
1239,179020.8234156759
22,180579.93131261057
2796,242384.30607469263
2747,178528.86179002814
92,289270.77887229813
210,163611.4906278862
1858,200640.0873633375
2228,159977.06777956377
447,228777.08519806224
827,240043.16953223868
1649,191334.99149603661
682,141833.5574846096
2698,104792.33614197891
494,166259.29016735847
214,71443.84482964872
2441,239467.96774124666
2679,107458.14881873046
1336,119845.85464389235
465,168960.0581481169
1524,156331.3015895491
2543,109353.17626390127
631,142840.1699257356
2452,316594.6809530475
228,162653.42414572273
126,180268.8335878579
1092,232540.49642551213
1122,222211.79307562925
932,231335.93502852583
1980,81007.34908090616
2171,115778.21688944341
551,160766.71708492184
2768,170617.49119286565
2056,112289.30580256924
1159,361858.25063596055
2645,113822.62826145583
1174,169932.605196683
2266,205682.31548681908
2462,411524.6872475508
1219,143733.53566015975
2922,187925.2835839517
118,142954.6295020064
474,158070.1023769938
2576,148048.7831493269
872,283730.80332891626
1077,204286.9700460103
1536,149962.05045579528
1150,111730.38270965585
2341,335255.3008768415
1931,160515.37895214537
2785,133726.28463478168
2538,128619.47886013813
597,213217.459636274
464,187559.30873655924
233,215388.3011061004
2169,140334.1163775225
2123,171573.87625186026
1867,170770.4203009338
137,261810.04106696078
515,250564.69226977852
933,106338.32891155616
2784,170027.24945449093
972,169253.49921070357
599,168331.15618025517
2614,125989.70543155415
2582,142169.85387238231
1409,160658.4020937334
175,102854.78928175398
352,232973.43069947572
976,90131.87010155935
2134,187914.55183522825
984,122935.43606435962
2396,356531.87594618124
1673,136316.8247009163
404,119089.9653437975
607,165230.00411750126
814,143379.63426294609
868,182482.862903712
2271,187388.2550065757
1633,233667.36695292228
337,136128.75258452204
2765,188876.15605668892
1746,233642.8987769648
368,339871.5299046652
2806,203986.50908954698
1662,188638.1752036361
1234,213909.63144349947
1373,123265.32489249852
1672,117676.89836638475
1939,123391.83981238099
