Id,SalePrice
2658,132737.9298413361
2718,149286.466939028
2414,212838.68757038866
1989,106017.62563917495
625,172771.34429867787
333,84839.41246940615
1327,116793.027762193
858,153358.98227425606
95,182885.16366942984
1568,163275.46858985792
2482,150326.34040760808
1364,120233.57984891254
2584,133007.49271988997
818,291853.2595983894
2673,144400.73427878378
2089,126899.23001404782
1297,171685.2402207139
790,117581.04361802491
2616,204084.05974147888
720,155235.32637283462
222,153458.03864408354
557,128352.76862829237
1148,188395.42524147045
2766,173953.3611458299
534,171228.04948385432
1452,125712.04223856714
630,115252.38675770338
2648,125278.13939030853
125,166601.9473468149
1904,86900.77146598056
1670,107519.02931221132
756,74016.39804987144
717,238284.2602086761
1032,150000.066151159
852,207728.13654294412
1731,177304.80248172977
2639,106086.15601969534
2071,99741.70965065295
1267,124931.80873007083
1851,196620.74487057922
567,162007.40355216525
2439,202729.84579355246
1898,148765.26934723824
647,145201.94088303926
2256,206142.52039983578
979,91004.06388412579
1444,216249.076569185
2485,138647.64512756665
157,139084.5089998329
88,124389.80591671704
2003,104036.91466157825
186,200282.7826347159
1425,243173.93363569106
2695,137785.20951076294
738,110323.08468997793
395,159389.87956959766
1353,158917.3191412686
1878,135579.0491568275
390,156301.98850857234
1456,234065.38812058535
1103,325413.8374059483
1387,152757.36589491053
2070,137476.68222634867
1199,165811.70186413103
2479,170475.1031082454
501,326389.97256714164
2362,108264.22811843501
1718,201140.79850423546
2188,122761.02026384766
1483,155121.13359894603
2557,98908.83074878203
437,361756.5699511039
2224,220899.66431523673
1628,163058.52256149508
397,138017.3372146692
587,190056.3367680516
2182,713549.7285468413
971,133290.20519893605
2611,128418.97500271513
1887,102075.55878949293
2399,374867.94989193755
2148,190965.13524248404
304,119977.8597436084
1997,132886.08478584595
2817,106209.84795579733
1431,219175.1020594933
427,366716.5691435193
263,128078.06749051309
598,167791.55032182706
2895,210057.65810275835
687,133815.02679635969
1822,133308.0821552612
2191,123554.85599262617
179,139348.19127354538
1009,197275.76002755074
2010,141704.87822925684
1991,125290.24106295896
1411,187133.18440066732
1721,229043.8018200118
1144,192710.49985252495
593,200376.51284162374
575,328511.2678316755
1249,173888.23445662973
1604,126095.10597884026
1064,518279.00693924795
1923,152940.83684446814
1988,112289.09430139884
2325,168842.71547690895
114,196194.7187857217
2700,173516.79867864237
217,129676.229241492
343,173149.782410949
386,214075.8829215651
2005,123074.9571628694
2908,149399.4354127983
1814,217961.60997327312
2446,550140.8241003545
208,130319.75877863984
1679,114094.38909527613
822,341942.35085986776
6,194313.2520033426
1781,427716.68545222515
2397,289848.9784375435
2340,310991.10568780557
1618,173635.3892938462
2843,120351.03136777435
1061,371964.1348139801
2786,126740.74605271372
1935,143475.81138483342
1341,105274.7141006859
521,266027.2014961571
2136,134679.27311339625
996,207963.07264060434
227,142070.17805322947
135,192580.50328735774
1167,171965.5400167727
294,220931.99777944759
1776,209746.02718183235
540,150313.1113257201
1717,198841.90583178878
2303,138286.65796070255
116,178074.52457072388
127,144331.01651849446
1371,136814.03535223624
1014,147830.65347188304
1507,108904.47039886774
702,114982.68150246528
750,146746.96318116924
261,144685.38176737714
1559,73276.82016777585
577,217352.28138458764
2812,194074.87724995043
2080,163712.94386175158
1368,110270.55239529652
2376,134217.80589787895
659,105038.51043136767
1235,136529.04298288864
332,74618.91102254554
1917,143644.95757255692
2094,257669.3556241236
1460,272140.38513594575
1471,219885.04232229257
1509,132508.00008101913
1922,137201.97198386362
433,532707.217665425
460,256634.8621533279
1116,240971.00732397859
1137,159713.2950278353
53,167306.56313422066
2354,267350.6224541615
1475,192068.46138827747
1761,614917.7982310192
842,143706.59306108812
2739,184881.90100776567
2509,146064.97018628102
1007,187514.8175009985
2610,192288.32720251475
1952,97863.5194525813
2719,153330.81180963246
2921,72087.64131355414
1966,146696.89903845591
292,114070.97080323205
1204,186651.13412608788
1829,262027.3596219269
2419,181000.1282341791
391,140336.85736647865
798,104448.90657297336
481,191655.61841814267
193,202463.01242537284
555,117069.55427937338
899,54747.93723555328
2357,176793.97708055587
328,131227.25263103133
1356,102360.26450608263
1154,109822.2518503971
1730,177831.71100134635
2249,168630.76007405936
1119,285593.3585091883
2856,144147.42187159602
1394,131061.73162512004
2587,117951.0027274089
61,342321.2301525143
2661,184833.4374642145
2711,130538.37324179022
1147,173175.70859570417
757,129956.55582665268
2623,126991.51322639536
2378,140917.16696311906
1413,123947.46189182112
1722,200412.80200373067
1112,238352.96169270016
1623,194712.01131794928
1201,192432.49447787856
1513,110008.40362133237
957,399229.69121341
1171,266702.3486731028
1145,188999.1608835375
2726,226091.76408401295
703,132490.77165789146
760,99249.04329018982
1964,152026.2793391971
2512,165113.6523343752
159,143320.9435732062
1281,153273.8691323942
468,183324.37599786464
290,117874.98408460431
665,92684.77250738873
1463,254393.9034224999
1792,233026.15077242837
923,170213.61475640745
500,280069.2742064751
1408,186658.59866367676
331,93910.97225422878
170,116750.25384692568
2192,107272.49239418597
2571,328910.2576902602
2314,176204.8244832356
2647,90632.73828778195
422,447681.1884038977
2457,382460.4239384751
1838,201977.32333611976
2805,255628.20440157247
1645,146830.72034072015
1711,300292.2403935386
2825,241080.97286180453
322,348664.5108322825
2103,255246.99986188428
342,114354.9252668668
600,144564.54040086316
488,174876.9970743151
1725,323239.1339320061
2246,288236.08871940384
2847,147677.76884202554
806,229560.80853388947
530,231841.58851047466
963,188354.22197322326
2678,96852.48983137589
171,90659.99493617413
2401,437587.3478661524
805,219181.1692718306
2259,242496.68737295072
1748,179330.64884318912
1361,147867.2416829511
1677,114462.98169871129
1406,152987.1422596369
2322,251913.16435078532
688,153680.0464788566
143,138579.6796459991
804,201780.919168171
1214,189184.03290287498
2828,131154.00771189388
1999,171711.63602371234
2467,207802.92433833785
2665,154028.25808946055
1538,380965.49275761144
398,125438.65822731017
2822,150255.97617904563
2157,136522.25967891084
1856,198104.0688045785
1269,100991.35161699657
2570,119457.43444348231
2320,242798.9891298078
1517,142710.8475549029
2304,134885.27473894402
1312,100504.89992532926
2012,129747.77281031408
506,219095.67858176725
2865,224299.12579390104
2367,101620.64935325168
554,84380.10999196453
238,128808.90957727109
1954,104576.86234669457
2488,109360.29322999762
2291,66878.85323566152
1969,120678.20638352702
2725,183253.51445873443
1482,145785.08619713096
2763,197960.36512725474
503,250467.72274325858
1584,240696.8726846286
1531,149949.01464081334
2210,175637.65723065136
459,334157.90182508936
556,135453.4514249449
1347,118097.10423307284
1290,71763.42085778585
1388,96970.00541886105
1571,309870.76646796055
2754,196245.61217546824
765,138962.3909850975
2494,134979.1036585857
2870,228532.01641052577
7,216348.65100305737
1114,257714.01292626164
2418,278131.7711650502
291,116305.51170038653
18,356060.00969525555
39,384923.9430738933
1001,247568.60463087948
2442,225116.88176465558
616,114002.61939701124
2680,81451.10146596446
1414,128459.4251919979
289,162309.53506922128
40,248158.6127569048
860,119030.246018596
409,136337.80246927252
673,144974.2683941126
2427,182783.09136834508
2036,201336.67580354947
2564,144329.52366370568
642,139833.51846251555
1008,172522.1030544967
1908,129197.77954373637
2519,201725.99535218976
1369,87749.77111125295
2855,176327.63215064595
712,110672.03932773345
1943,108870.80272585852
1958,111380.43590776937
107,153281.75439112878
2295,197736.58812406124
704,104575.2295517486
676,170128.4098056783
259,177045.34318794764
93,283676.8039887572
106,244877.66905681835
2315,180520.62550359173
1050,92355.52412822668
1095,197960.46646886843
2709,151095.49873362004
758,106693.96441708691
1496,151204.6164673057
2370,121552.23524379008
2458,283939.61827753275
2733,135663.56143028266
161,247018.0083614909
726,153703.12464350695
845,200669.31294344447
947,235447.10851728986
2232,99847.35215334909
2563,142633.06396404328
2299,132387.84290392196
211,97230.33785326197
605,147247.92243923503
1478,199790.78045900608
2247,291434.4974273407
2274,219110.5802001804
2869,209732.78344845877
967,213811.23171135678
2656,127672.19753490784
667,203970.1792849037
1042,112850.38230945275
2023,163480.87100926798
2447,410109.90795292135
2055,143560.5271830156
2275,297278.2100381501
2204,171061.8087950399
1563,293502.48607712775
483,194773.02120846207
796,124767.1237977905
1526,163233.336756862
2042,127625.36635240633
442,354884.22329140746
1693,322686.03817115293
1468,214496.07664394728
1430,207893.76408682694
2605,130610.68891808053
1529,192040.1709422085
335,152199.7673590358
1287,127445.16236294783
31,101212.22282989859
1785,336116.2648530352
82,164134.41894411924
2620,118986.25030185631
252,181011.1298763504
721,53833.549081959995
2165,183478.5168637511
2316,194262.68538808392
775,135738.4584116533
1558,65928.47602601419
17,224791.99789344368
1022,215199.1943768597
925,140505.42477792082
438,279679.10352896224
1270,122168.42321353091
1272,131645.10379998898
215,115202.22519285767
266,232278.95022210514
2402,279557.4072295632
1250,124355.07093362475
1984,102530.50884483894
1279,151757.8172761097
377,244163.86823980417
1252,105017.35169519123
2156,265371.4491570536
499,328333.0365182564
1374,133262.183780618
2898,269311.99625354516
401,117737.19032998825
2721,119014.8588337599
2078,234668.1342836673
2589,132160.49936757563
1946,235980.6534604726
1334,118568.2984062155
2781,215356.1004404073
431,405335.9405984662
576,195065.3241279096
1474,205702.4041230461
2254,134641.57663790253
2155,276149.6850149898
885,103692.862749274
643,144623.72199357045
1944,132542.95533687295
480,191672.4174959173
2845,99752.04110710404
2387,318145.6621305613
2407,199868.25567629165
2527,166933.51102444762
2514,140107.98048469005
629,139920.30310763814
80,201656.2211981595
1876,138429.98322666192
1546,126064.06309042138
2518,179124.47416677268
2347,147957.5959241049
783,232815.40379545512
1322,34359.77841376234
194,88960.02805890853
1770,291771.589771474
2143,171659.67520544608
1229,226529.17112013698
511,292032.32482274564
46,214527.66723670764
1348,163582.67426249967
2465,203064.05722583912
387,228872.81360031746
873,219683.58074782952
1918,122540.31544928509
2764,220998.33387865382
2184,134366.25666258624
934,133867.9573639467
1920,129206.9195949058
2631,149744.18241845234
1768,659149.1569351291
2040,117241.31552799186
1749,213674.9157621651
834,249401.10999509972
1457,228548.14017894422
79,109930.67398641398
2302,132670.06498028908
1817,157237.33981428912
2755,231105.24582819792
359,177331.6485579993
2059,100502.09950133192
2092,237957.31697066873
2516,224146.83555074362
150,122714.31659690407
1656,134541.8640111289
83,100689.30020839069
2411,175338.73241808207
795,70594.03275006788
2312,224481.00316147367
2917,107203.13133414846
1624,167255.26694345882
2215,317238.34507037606
1211,147720.25463070977
1485,160261.6195562468
1024,164024.4015654059
570,200027.89840998198
2874,138297.32710482134
700,126208.77084237942
2756,203642.2415401386
2022,188181.06731860212
583,224297.50809844048
2392,376829.5417329258
2424,177260.4016166469
212,105728.96650289255
736,132382.5159173375
1610,169329.46557247778
890,112320.83834207861
467,177966.84094967204
578,210198.56601253443
1747,192473.72105300636
1149,150185.07041191147
2758,249944.81639027258
857,153090.10984662978
2219,258181.02380913624
733,49273.7224056056
2909,99181.20512280788
1798,272642.7198652087
235,119818.99421299214
2366,127216.12076014513
1027,135357.98736668215
1195,139030.29701721494
1303,81695.90057956835
148,188162.01743988052
608,160486.64920362365
2515,198171.5602678532
821,271826.6958413335
2500,260515.30278818938
745,110255.7348643227
741,129399.85700970388
1611,90030.24345036887
2532,124056.96986049926
1081,234339.00292386068
1692,465620.1743687255
2520,181396.42890962632
276,105983.66334827081
1992,127810.22225983173
663,92359.94782726897
418,128156.90121418727
1733,203727.6416921293
2359,150226.0983324434
253,177045.97417350416
1518,172042.25280693127
2035,142909.13529106544
2919,78763.77690260333
1540,254574.67585194134
2120,146977.49984503118
1674,167769.94382826984
256,153235.8461440195
2361,129792.55487926782
978,68004.07229432277
2280,141161.67478418862
2095,217459.32424661284
1709,335522.68500085373
2801,250816.56502863718
1246,122077.9175289917
2373,97784.47941759857
1055,300426.26429185004
2017,126121.79573611973
1099,286028.7127741935
1344,86397.482457957
835,200690.1361190296
1117,235115.18459646415
2043,94778.97808372579
2085,135814.48643356538
410,143082.0195289756
2650,111597.90617674042
2867,189848.97377428855
1668,115422.84213771159
1161,155125.90133855958
2122,165145.4801596827
2539,153011.5289010486
1047,134829.814626324
1445,132590.28694012738
541,129095.77455699665
569,205813.55983293755
1276,118800.41159323289
918,150911.9360400862
326,158869.29180692486
1936,131470.2769695297
895,95775.2737807536
257,159024.5266122406
1241,182621.72345103614
1545,115708.08115272236
1189,160211.02331782784
270,142448.6865569473
2066,176200.62780864956
693,118274.53263534338
1259,132975.38771747216
2916,147544.25017450075
2321,296380.14334454224
1977,65561.87068666704
1895,131375.9579873908
1240,168348.55745776498
85,155020.27570116345
1823,128399.31641269324
825,287078.67221245356
110,234351.96209781477
697,122276.10741923912
2297,123050.42771952099
1231,140949.81783377018
1355,131863.01477195753
968,353969.8079761646
584,221796.85005864094
1315,133050.1417850738
1606,151255.52882104483
206,99934.94159425586
1685,365007.60580640426
2016,142841.66155788128
869,197651.54448545363
2135,121924.21041394537
2346,173130.10281838186
2430,227519.13970862504
2198,92659.05713496252
2652,130120.17934017954
27,121709.41657997877
241,156839.30541514128
906,121971.22688270337
1506,143374.51804367767
2098,384263.7487825614
1435,225229.17725945753
2213,160513.63811208215
1274,135546.24074957275
743,9266.603227260755
1737,189347.98820435337
2797,276818.8809656892
2185,59236.01735371968
58,168868.24862506753
830,200500.6755899419
808,116061.46427750005
680,148779.40316841914
1153,111188.69142382196
1291,134080.17875265656
1818,147276.75950418005
2161,182603.69582395128
1883,105710.50392365898
350,360119.8753539694
2473,139928.5688010602
295,185907.11944372114
293,182490.28033122735
859,139487.34641552926
288,69441.19425856275
1578,160049.40889366262
102,198005.87256189215
2831,116746.91302863706
1030,157605.60856000602
2551,149014.18955876923
1286,156076.7578588028
958,321377.0888678107
776,142168.34908410383
72,256275.41156923608
2263,259449.25710945518
1866,155481.0711203257
2876,81060.57812172605
2146,241602.04899849056
103,168262.8660094426
1500,131888.12001156376
492,177810.11488802813
167,158236.5763787243
2597,121744.85418984573
2685,116709.89598347235
1035,152672.47707510623
1220,92482.26413929311
2602,157318.6796502003
2159,202879.27221411094
695,125998.39012651565
1109,259198.44165564235
640,178729.4203492594
1652,140853.329743471
2090,199782.28594994813
1188,169459.30487686885
2345,240998.74082540197
1059,417555.09704621136
2751,231863.48188617697
128,205302.59880828683
1523,182574.961802545
2925,187087.1794703703
2145,303281.87020857923
1121,218834.10768532509
566,263816.5357155262
565,231934.7674294538
1331,134874.64171543473
2928,134485.50020455127
156,143076.84192041925
797,130866.12612266303
327,88925.29179370473
2859,155829.7440312542
1453,140607.72418546095
1762,349121.04308742285
1868,202264.42460766563
1760,184212.4004302785
1113,237948.66060843237
1812,191856.7446391969
117,151157.33342565945
1142,195269.03326063743
2342,423819.1549265825
927,149357.1473443082
2478,186659.97399864823
655,96987.27117926057
2064,122062.9482920838
369,265315.14690710534
2239,116122.09572171047
2732,216772.98036340484
1653,148339.78306288843
959,225143.74600291066
2395,348353.9255940883
1412,111765.67745880142
271,249764.46773095487
1484,153731.69875442807
1497,160982.69846504682
552,142794.5816404029
2,118485.95437758893
1855,307762.21378142305
4,272292.698191182
2292,146903.81374191737
134,136442.5308071205
646,92354.81861823064
42,305899.423588556
532,231574.46130539244
713,98809.28400242433
2561,140431.5572641038
2360,134502.2035878105
1333,127636.18851890904
1407,246509.29708678415
2892,297127.8414018764
574,205644.88057180226
1227,163097.83612764569
2591,198745.13332410355
1476,211719.0863710756
1125,263782.5918922428
1446,143958.0773204266
408,127232.53884951514
1101,285104.13797762594
2251,191730.37108225317
373,169626.1723357014
2554,134938.8366882311
2382,256030.4380156604
1985,83272.0028631445
519,232436.05787598703
1093,195769.17807276198
864,241962.89642213052
2889,136071.59870705684
2308,189113.61627369619
986,202619.508708706
1302,147318.33018518926
585,150390.08522084157
2708,143046.22373264085
147,134940.43495195056
1441,221009.35829612333
383,193430.5877164763
285,145829.69486837403
181,101333.22560728993
358,190876.13713310088
780,173255.84154236643
258,186916.3398295896
1865,232429.46654534817
692,102105.40097860852
2902,336964.14229406684
508,269377.6544947508
2638,155492.51884033612
36,134977.82433933252
611,170157.02053819352
2281,154497.8414608069
1678,133660.60933253122
1696,477175.17528766184
1557,61940.32968989259
2180,163837.278903994
1726,199633.0335938926
951,146003.20699183433
267,221298.12242810288
2706,133590.92834972194
2221,248286.5214013334
1357,180362.84475669602
2901,317683.58008690574
347,171852.1026523005
2164,181830.54974186944
1586,305086.2148567055
360,147053.47095568536
1769,252577.66401582677
2617,140842.6657665684
1879,122902.21411984286
991,236478.68903595197
1535,136496.29384312266
1191,136535.91864852922
1579,206180.89882549364
1882,124856.14358742663
1510,141307.3222570445
2196,133300.849768303
1845,182793.9356728614
2336,402356.76175277797
942,86853.81567252544
861,132506.90427349636
2555,136536.84016109433
1392,158958.4897615665
2099,254563.97808113287
1543,118195.47785789077
948,296844.4380295768
1239,179215.9735067892
22,180118.78558653663
2796,240312.43221057544
2747,177833.07967358956
92,288411.909943691
210,166226.62078703858
1858,196306.39450305735
2228,156984.35870374506
447,223584.1672475807
827,243096.20084792597
1649,187865.05739672494
682,136023.44490281097
2698,92970.30577540537
494,169181.5367960201
214,66090.16500277014
2441,240265.03590171156
2679,114262.1150388224
1336,124108.30413545226
465,170160.40620805987
1524,158258.6253489158
2543,111259.92540887266
631,143982.6476628587
2452,317457.84741086257
228,144301.03464415157
126,184884.35300782078
1092,223675.5180320124
1122,221451.03442278784
932,220440.36255853262
1980,78684.28906688618
2171,110529.92978865828
551,158508.15411050653
2768,170138.24290594843
2056,112155.76577532478
1159,356523.2162012474
2645,105380.68519821239
1174,178583.05726110074
2266,208454.76370279782
2462,422830.6882296313
1219,143561.3948301701
2922,189154.37034983444
118,144592.18190143432
474,162929.24946575507
2576,142123.91874212492
872,283074.94381613226
1077,194841.99789084238
1536,150122.3239501972
1150,109788.36801654194
2341,322971.94826427265
1931,164209.7772692087
2785,135883.45756634418
2538,129845.92583045398
597,206602.63196665538
464,179429.6307326021
233,232090.19870219158
2169,133596.81012092682
2123,172786.7241287426
1867,167531.09754786233
137,257774.51179332787
515,249733.09079341695
933,109137.12417670386
2784,169812.13123939862
972,165288.35413336393
599,177669.93829273118
2614,121068.05319678294
2582,148226.3682701107
1409,160322.41913568217
175,114119.57266283885
352,216156.87058328942
976,88878.97461288702
2134,186085.09117217606
984,123680.91754410311
2396,356537.57803279604
1673,128215.10502017429
404,124525.48359658709
607,167061.4381455297
814,146173.75168648118
868,164728.24853977654
2271,187665.30127173406
1633,228957.06912714243
337,143922.80584655725
2765,176526.09819640953
1746,232129.83324308798
368,337202.84496468387
2806,203781.8945975256
1662,190463.06588165113
1234,208665.66986051656
1373,122280.2444578791
1672,120527.27905274078
1939,118205.79228971456
