Id,SalePrice
2658,145213.87894533438
2718,152550.3872648215
2414,211106.55866202284
1989,107756.6002888262
625,176136.62043938035
333,87119.012596993
1327,113952.37912597101
858,151044.26414452278
95,181978.48860466602
1568,164214.32014205618
2482,149622.68921575192
1364,122707.461716673
2584,139164.99860029086
818,287113.37927555473
2673,151773.95143521135
2089,126085.54644156768
1297,175109.24111996932
790,118523.80332436558
2616,201706.56979435385
720,172601.40289565246
222,150399.22341199723
557,122904.82472467585
1148,189220.6965488355
2766,170396.76796523455
534,171152.51868545954
1452,124958.62900264264
630,113995.96858292942
2648,117398.69955273067
125,163066.8281762628
1904,76593.43904049565
1670,106815.17251901093
756,93386.82038455241
717,239376.58297236497
1032,151398.3300652964
852,209950.550183544
1731,180644.99856010888
2639,113721.16643142003
2071,101477.6841473022
1267,110720.53120783919
1851,197392.56691529742
567,161391.93335110118
2439,200480.11181792832
1898,151542.52946710197
647,159706.7500403769
2256,211346.22261417465
979,92540.89044655145
1444,216942.19715745497
2485,130008.21747802105
157,136036.59962946246
88,124596.62173496181
2003,106090.92514923682
186,206107.82348144968
1425,243045.54130235722
2695,126712.86244580761
738,106625.72277825054
395,158909.34360925006
1353,162295.82483954975
1878,134467.62581356522
390,159140.06693975982
1456,232246.4422767962
1103,326744.7211251462
1387,138729.56970178033
2070,142562.72380328932
1199,170608.0040180952
2479,169766.14985858358
501,317207.19489631196
2362,101058.54396301306
1718,202339.3857568258
2188,101645.0713788051
1483,156469.10526178937
2557,90399.83615695992
437,355294.7325024639
2224,214287.9097254464
1628,160328.34399136994
397,137604.73974122034
587,193299.99403739558
2182,702538.652426821
971,131564.0803472721
2611,144635.07418848437
1887,105929.3015217742
2399,365973.6877746909
2148,192886.88288577946
304,127520.84483599507
1997,134253.35100854686
2817,100101.97092996884
1431,213131.24497033798
427,366514.5042672906
263,125471.56192918908
598,172197.4080723595
2895,216559.40293811986
687,144517.2954950146
1822,135219.79520664213
2191,111730.28129815344
179,123538.26150210439
1009,205806.45158880693
2010,135483.36672453096
1991,130240.31244117087
1411,186923.24778287808
1721,232417.21262833307
1144,191869.09620965336
593,207798.9113688134
575,316198.4037274701
1249,175566.5524678546
1604,123764.84185342892
1064,502667.1754810044
1923,154826.34411173122
1988,115576.73559444648
2325,167059.37556748863
114,195710.4222162448
2700,178555.51296164884
217,131596.3212892048
343,177453.8491226908
386,216315.99264116908
2005,118823.36484941906
2908,145320.83135421906
1814,225660.4833787069
2446,542447.5572762004
208,126349.76393483827
1679,104869.01281800203
822,331592.87676622946
6,196452.10306837346
1781,425493.51525042113
2397,296647.02198057924
2340,315212.28750250954
1618,173882.7573294079
2843,120384.17618492767
1061,380308.5844523258
2786,123671.08654818131
1935,141651.74360555684
1341,113215.14031684675
521,266610.0174546565
2136,134266.88223095008
996,210039.23676355352
227,144537.9367460403
135,193156.6626009009
1167,168290.26580832436
294,230132.65098526218
1776,210452.28224580456
540,155543.8062695279
1717,206805.61506198611
2303,134387.3388975888
116,179940.9541915789
127,136784.98761281976
1371,129620.52813635126
1014,160210.14027811523
1507,109673.47360776934
702,123326.37751283974
750,148368.77124350803
261,150201.37440455955
1559,71181.11475988245
577,218492.65075217982
2812,193178.5191242151
2080,161271.09304102085
1368,107950.89633621494
2376,123853.37738332212
659,110596.26598772503
1235,137332.6843361853
332,74694.81717816304
1917,143832.90976130706
2094,251131.88288177058
1460,279787.8803590724
1471,218897.80541560985
1509,129121.6238077902
1922,139330.64048795635
433,508731.15887226013
460,255907.43999286686
1116,239851.1686612225
1137,161131.65319526716
53,159283.07074021944
2354,263391.54603421374
1475,190736.88152606811
1761,602441.5959302149
842,143049.11850748368
2739,177126.99147224321
2509,146373.007017896
1007,185155.6862984729
2610,181951.06769922154
1952,96299.33669346613
2719,158475.70937655697
2921,75621.15758186286
1966,149823.993733519
292,110075.120724822
1204,187732.67598063187
1829,259745.1878109424
2419,187520.17048172798
391,138027.82813452074
798,106345.54939655584
481,191054.80933980466
193,196569.09332292873
555,114835.51850254016
899,60036.04236105952
2357,179854.53101954822
328,130443.86966598302
1356,111800.92905017918
1154,107548.49747770555
1730,179974.9124454906
2249,162394.40105456437
1119,290421.7248893839
2856,144399.93503363716
1394,127056.77979585882
2587,112253.63518871041
61,340244.2960499199
2661,182379.63084116747
2711,134643.42820512896
1147,172871.26827223971
757,124328.41179505538
2623,115904.69256712854
2378,135049.03279013265
1413,147259.85969288927
1722,207084.3335170648
1112,221244.5595558787
1623,195394.8862381233
1201,191754.59900531828
1513,114709.88502499888
957,395921.4654501104
1171,262169.8076079473
1145,193827.65212496716
2726,231746.48305759756
703,146913.56810354875
760,101702.22692527504
1964,154834.62144541516
2512,168906.40263862227
159,145960.36994776048
1281,156718.34062710524
468,177908.0020985006
290,122117.91047040516
665,91496.32962263336
1463,262689.86716753157
1792,228664.51903090836
923,169425.64977240967
500,281951.98751480447
1408,189087.9008959723
331,93648.35179566697
170,114687.77207555807
2192,102114.83569752926
2571,325592.1050320491
2314,173696.67686051616
2647,88107.74750851034
422,436041.88092021784
2457,383480.57073971163
1838,204770.1842290956
2805,260245.7690181008
1645,150244.22474900744
1711,298354.14337068517
2825,240300.01160001016
322,343711.97315040324
2103,259549.11700759467
342,121204.05466517046
600,129320.8042330275
488,173047.02996725365
1725,321828.17272992316
2246,298448.30377010605
2847,155705.3149250987
806,231125.1387393536
530,230645.2762315647
963,185559.39794513566
2678,99538.60797488122
171,88774.0047279473
2401,435284.75630886946
805,216553.55326876428
2259,240092.08460037925
1748,175676.50472454354
1361,144600.3253617523
1677,111396.48539014049
1406,153220.99250877806
2322,251303.29582186925
688,155544.66380140552
143,143063.70732226275
804,201406.20559106523
1214,183473.96539721024
2828,149249.71555004362
1999,188833.30019421855
2467,206111.32566125804
2665,158116.77449623507
1538,390615.58746802504
398,120680.60552894272
2822,144096.23684461572
2157,137127.88110438615
1856,192457.92655791732
1269,97838.54770888874
2570,114864.3596789342
2320,242180.59800539323
1517,137707.37574163877
2304,133155.9371499997
1312,98019.93006264791
2012,129564.58274070067
506,233546.98533006042
2865,211380.72434818075
2367,97791.21236745204
554,83017.93411303026
238,135350.19063026903
1954,108311.0714043913
2488,120803.95249611243
2291,71633.8040356286
1969,120530.94770741477
2725,168197.1811513984
1482,146639.81784697244
2763,196729.0282379915
503,250846.87406068575
1584,240877.72982256184
1531,150802.69886640934
2210,175530.5788707732
459,336997.29778240295
556,135216.77110064437
1347,122026.64231695872
1290,73814.44107859937
1388,103092.7578634352
1571,313682.5791297882
2754,199667.02403926817
765,140858.17109299742
2494,135206.92342729532
2870,231739.60046386367
7,220837.3821912886
1114,252677.4880934076
2418,278476.06375029066
291,123710.29984780675
18,359370.4128069688
39,372852.2669261557
1001,259258.65393470187
2442,225290.03212359681
616,122365.71447565744
2680,89494.91489507473
1414,123440.02170892384
289,154944.31261531034
40,256178.34308446007
860,120399.421685385
409,133862.0941536855
673,154832.28151870798
2427,179218.6117958648
2036,209710.3546831784
2564,138749.72926835527
642,145987.737659912
1008,174268.32549779472
1908,138885.94782622406
2519,201812.67274018365
1369,84432.4799215551
2855,175680.69859321168
712,105284.23517294238
1943,111533.60246619377
1958,117324.77202094
107,153143.4902882098
2295,195612.9289929307
704,102855.10403858683
676,145508.60467196407
259,179693.7047504834
93,286335.53738863516
106,242104.41397781787
2315,177984.47303883915
1050,93888.96831633021
1095,196104.90925160586
2709,147463.1706489653
758,120231.69254567623
1496,154740.17216017397
2370,117479.81219909055
2458,286712.51272605394
2733,130961.83626621478
161,248963.91424023203
726,147063.87086190752
845,202924.0986520326
947,245151.02724822552
2232,106161.1860562864
2563,143761.81556449132
2299,142006.23456601356
211,88497.12760104786
605,153596.60316080973
1478,193909.63643237212
2247,294885.23590918
2274,225052.9247230519
2869,211535.5087561311
967,212051.44618036016
2656,126946.11068850578
667,207420.07023653033
1042,112127.34833772139
2023,163026.89534299306
2447,401945.9038281136
2055,140379.61922779935
2275,299264.8462756298
2204,171511.42095876552
1563,287734.4978035623
483,204277.36626900354
796,127100.94389758733
1526,159628.9669825515
2042,130747.09524143045
442,346672.49760302005
1693,325455.29848987376
1468,215863.91632927797
1430,197065.33105657352
2605,132886.3676154515
1529,198527.35523040392
335,152401.65229003594
1287,125873.77138991619
31,95646.45938308212
1785,323696.6612887468
82,161711.8008219636
2620,120828.90564492448
252,178136.8448969551
721,60703.47933778778
2165,187281.51031480203
2316,191791.10626447824
775,132102.21353018825
1558,72802.27055919547
17,213238.55975701398
1022,218107.9473887981
925,134448.0498255889
438,280654.497662838
1270,137819.4369236288
1272,135295.21026332973
215,128789.45005243667
266,230419.51119594893
2402,281486.84292465885
1250,128438.71969034363
1984,119981.20167330836
1279,145414.14903617796
377,241044.42451593484
1252,107079.62199333463
2156,267629.4241986702
499,327614.53410499473
1374,127052.338597313
2898,263689.2981514178
401,117921.47077465523
2721,146857.91591622663
2078,237413.5428623734
2589,126022.13370961178
1946,240293.07210830454
1334,118981.21053506652
2781,217107.68645012952
431,403645.3318570387
576,196206.4865767539
1474,206586.27991450322
2254,143544.79880089394
2155,279451.4712109597
885,101387.99860582768
643,147193.82982826338
1944,125161.21330852868
480,192302.70265140422
2845,93741.81655595065
2387,324950.9999417116
2407,204979.9287237486
2527,170132.44043427735
2514,142602.36648512195
629,148391.9365872195
80,203165.20741855862
1876,140792.3222986712
1546,128963.6496580608
2518,170529.74955997808
2347,147025.82434571112
783,230944.16687293086
1322,42088.447023774585
194,84277.39880151737
1770,294044.34634800255
2143,152762.23749435728
1229,229243.00560377014
511,286890.7149197092
46,223416.75249908227
1348,161049.30835910983
2465,203676.98760371606
387,232140.32058010582
873,217386.41836324398
1918,136038.88117025266
2764,228278.05127180537
2184,134061.08600957866
934,129529.55826989986
1920,131645.63654969883
2631,149059.74966390023
1768,640963.7060056981
2040,117477.94942403234
1749,212745.3941987057
834,248325.12998175086
1457,227742.7975415909
79,118947.69274012311
2302,133742.60798017512
1817,154643.25983910097
2755,235523.7034573902
359,175019.74844099797
2059,106211.56535466983
2092,233637.88612631138
2516,220267.40935911424
150,120303.51403622182
1656,135799.73438049716
83,88519.51831855072
2411,179834.57115392378
795,84642.52363125433
2312,226724.39543330023
2917,107483.80513478811
1624,171407.61085251154
2215,306714.2484548467
1211,153409.7188296984
1485,156125.45652725623
1024,168115.8921648621
570,195022.31983353393
2874,135427.10153651345
700,117266.67789891102
2756,211672.31907306827
2022,183289.08952595736
583,224466.062024966
2392,372925.0454601273
2424,170256.61888655723
212,114328.25735783641
736,131171.4795508718
1610,166782.48083502252
890,119627.363034225
467,172915.82963894488
578,223342.26234425575
1747,193052.7579485132
1149,150739.50060088112
2758,252867.903307644
857,152107.31095622026
2219,268529.042493297
733,93548.23993625886
2909,99947.95501983515
1798,273627.48040923313
235,120203.09761050854
2366,116514.3956135778
1027,134383.12629414513
1195,137474.36096897343
1303,64601.80803703441
148,189405.2816418105
608,164753.91463742696
2515,195916.9523502931
821,278604.96201492497
2500,260692.33829073008
745,109290.55054348758
741,122741.27785121812
1611,111849.5480980332
2532,127816.70903066933
1081,226788.38888647573
1692,467172.0817659355
2520,174858.2958021453
276,107469.27896233684
1992,130952.83723104047
663,75089.58594448645
418,127196.7316446417
1733,196185.9640352228
2359,148484.24343002265
253,178197.32362934336
1518,171036.58554214198
2035,141785.90105489615
2919,73563.63755355244
1540,248306.66357942153
2120,147335.4000356759
1674,164949.81158154306
256,155075.08646350232
2361,119049.9945104093
978,71116.21009327144
2280,141078.43655221682
2095,220608.59088343626
1709,338701.8302187731
2801,246929.95629816293
1246,116015.39776219027
2373,91668.92087966284
1055,297366.7725207947
2017,121539.57897372302
1099,276510.608535822
1344,88758.55652972864
835,201009.22422484704
1117,233262.58733284057
2043,85730.88102624298
2085,136854.06491194447
410,139028.05702218428
2650,112549.1340661413
2867,179790.69826814564
1668,119102.24385565287
1161,156304.36408308044
2122,163737.13801112754
2539,155203.04029464096
1047,135789.41528347132
1445,133013.31467869275
541,125973.47763514894
569,219949.9277127187
1276,116784.48830014214
918,159009.8765807659
326,163057.15520204476
1936,129351.35582421461
895,103304.02578128608
257,163447.58335206407
1241,182497.33061223346
1545,123827.5641242617
1189,161270.2598035732
270,141595.78258966265
2066,175233.0221212189
693,109736.41111206172
1259,136977.5337199173
2916,149275.68305928967
2321,301779.24795085733
1977,92436.37733320089
1895,135108.71634957445
1240,170767.74335603506
85,154663.77371923218
1823,125346.56858676224
825,285001.8203154036
110,228856.78521978
697,118109.23865511775
2297,124715.03356495182
1231,140216.10727580485
1355,132936.6550143666
968,343052.72460107855
584,228675.2061205001
1315,128577.46488502818
1606,148185.10479900776
206,92790.31498406176
1685,363478.04321842233
2016,140814.0452503768
869,203025.37436462188
2135,118693.97329820586
2346,176042.29710160565
2430,225772.9075805534
2198,91782.98703951546
2652,122850.49557685899
27,118671.05654164936
241,159227.64482022187
906,121682.74130441253
1506,127575.70684918805
2098,394790.7349331775
1435,225982.3709487326
2213,150651.22704228232
1274,135360.35503268027
743,36512.64207585444
1737,194499.9552398595
2797,274970.40033885743
2185,70052.3354449626
58,166425.4811394884
830,198833.82948899426
808,110946.60223037776
680,141811.14280464375
1153,110024.49395360828
1291,131437.8484259823
1818,144844.51468126688
2161,186754.96402045886
1883,121934.19285386062
350,359146.8577081817
2473,145446.82360755568
295,186143.87135895295
293,183206.6594666843
859,135050.73327925502
288,64360.12077015819
1578,151402.4388722478
102,193211.7232506767
2831,133408.6602860762
1030,157385.6934751969
2551,148006.05703788486
1286,149652.94611792653
958,321479.8425424568
776,139375.88027154875
72,246125.5417951112
2263,264892.79872214387
1866,154981.64629504527
2876,75130.08130569819
2146,247582.29914566583
103,170359.11531548837
1500,135498.32568734497
492,178596.509908624
167,153378.51875403573
2597,119932.3620057452
2685,110087.16485975798
1035,156815.18365352793
1220,84352.26276771206
2602,153891.5459242682
2159,204616.803241069
695,129964.69541690238
1109,259877.89835597784
640,188841.9745962391
1652,145362.11967756617
2090,185576.74290826157
1188,173064.90509976025
2345,241188.01750537724
1059,418889.71267857426
2751,237949.2025881088
128,204198.27785806803
1523,180478.80100757017
2925,182698.64077958826
2145,306012.0175483979
1121,224065.84728855357
566,263427.91284751444
565,236605.72857742832
1331,134030.72608437983
2928,130947.01763265078
156,142840.7265690301
797,141468.08245334786
327,87108.3234035905
2859,149253.66210394568
1453,127244.66248233785
1762,353100.14834154793
1868,202286.0626239088
1760,180915.07567825777
1113,238948.76661679114
1812,189799.6518967771
117,153773.11759504682
1142,197469.3590995176
2342,407484.5216926449
927,150863.73462638154
2478,187173.5484106183
655,89158.0975900583
2064,122413.66831375172
369,263038.71349077416
2239,119132.07410272362
2732,218857.71705536568
1653,152926.37010004287
959,232155.7164096456
2395,350836.68956066354
1412,114495.79298777388
271,245059.7598171436
1484,145625.96738429499
1497,156480.32868736063
552,160446.76676425542
2,119301.54710295229
1855,303392.04231502465
4,272550.31299943133
2292,149510.81508756106
134,141695.86513669678
646,97548.63823994194
42,307862.99190349464
532,226803.99653447987
713,93877.57641644956
2561,136062.879916205
2360,130607.60312140973
1333,125133.2331670019
1407,230511.02416593194
2892,299933.7190669318
574,210941.34082053194
1227,176664.83293905976
2591,207692.63018038234
1476,211300.98404970407
1125,266542.96970168164
1446,146134.12017946946
408,119031.60276774841
1101,287980.20313041756
2251,189982.28959567647
373,176116.14594860937
2554,134390.91188912507
2382,259700.38380411477
1985,86621.6122837025
519,234681.76869792206
1093,193511.52921876783
864,244227.4115833923
2889,141482.9277138205
2308,192004.8735686675
986,174064.64501969222
1302,144583.14274716104
585,150962.47727898945
2708,150631.41325468308
147,135478.32992022115
1441,219795.41553762608
383,186570.07017766105
285,145036.02026382455
181,102467.92121575767
358,182672.31232423236
780,167548.10580769842
258,188910.1878057152
1865,230854.43383553682
692,108986.47150932654
2902,343279.0738259568
508,264847.6134059918
2638,148945.87625805842
36,138583.08034067444
611,171822.73921111025
2281,157225.88038461332
1678,123125.04068400884
1696,472762.56200776494
1557,86764.31090436838
2180,163272.65241244718
1726,215712.86468139454
951,146126.74578923837
267,222133.95476969983
2706,134639.05343103566
2221,247698.1670548019
1357,176049.1834555247
2901,318359.7891039591
347,170232.98633972384
2164,186014.8613998263
1586,310728.9546879423
360,146224.76034838485
1769,247148.5236682645
2617,164821.6353996261
1879,123417.0073861787
991,237446.67600748467
1535,128248.03012159152
1191,130313.68425830512
1579,208597.63075755784
1882,144100.76193668143
1510,138444.46312016877
2196,139186.6058317123
1845,177948.6421064292
2336,401284.20655653335
942,89750.42302643557
861,130411.1490167805
2555,122893.14234034013
1392,162421.70742810215
2099,260537.2021324979
1543,113501.99272647845
948,290341.84013183776
1239,178944.13303682016
22,181890.95282037425
2796,242602.29507335424
2747,178198.9317922315
92,288895.2931027265
210,164603.38384502922
1858,201475.71347046227
2228,159898.2778597616
447,227892.37409606928
827,240308.4335468972
1649,193670.90856376957
682,141426.73844382056
2698,104961.9131199925
494,165638.3628706955
214,78795.53884518132
2441,240745.84911190014
2679,109600.0044642198
1336,121781.11144153203
465,169368.8188999389
1524,157304.61818830261
2543,108848.20965450682
631,142981.12578233102
2452,317956.98194600665
228,162255.62990529687
126,178363.59462011405
1092,232220.36251423985
1122,220794.12832747554
932,232953.01233741725
1980,84856.26440657793
2171,115493.42828755823
551,160973.01244663278
2768,170806.27228329185
2056,111171.13243229852
1159,363313.4213984547
2645,112092.82084353206
1174,169710.04980015964
2266,206970.29619890475
2462,413225.49771100585
1219,144247.81224295706
2922,188583.36599731393
118,142865.15549384878
474,158154.84179610142
2576,148132.42802984372
872,284460.2025238407
1077,204380.6683948715
1536,149918.91288237018
1150,110734.86754052756
2341,334751.5310899544
1931,162848.4357852907
2785,133715.4894787723
2538,127557.69536819292
597,214811.17992338334
464,187829.03121873701
233,215204.5133523582
2169,140009.6898305853
2123,171058.98430406567
1867,171658.2794394405
137,266458.2570566325
515,250610.52276792566
933,106627.3507647593
2784,170105.90796165916
972,169769.74401228325
599,169366.639166883
2614,126060.96159751323
2582,141348.76082016347
1409,160689.35403079903
175,100340.77290124283
352,232238.02781825763
976,96122.87271386034
2134,187971.5371711306
984,120369.76284394118
2396,356072.8100448226
1673,135828.77334174808
404,119320.2261692686
607,165593.85205178626
814,142863.16369748022
868,183093.4762971485
2271,185905.60897719528
1633,234885.07139418524
337,149924.32902780554
2765,189819.39991334442
1746,231941.1539026302
368,339111.3153983009
2806,203192.770521313
1662,188389.26075622995
1234,211680.90306663455
1373,122689.2913480275
1672,118279.25774556855
1939,122241.33589950492
