Id,SalePrice
2658,145468.101116686
2718,152991.05596884477
2414,210569.47664176289
1989,107592.44859600239
625,176354.91191360168
333,86503.88952403562
1327,113638.64670307917
858,151982.88284555307
95,181947.1275692913
1568,164235.79634527626
2482,149537.95746053275
1364,122388.51813054126
2584,139116.72810667692
818,287590.06208016
2673,151915.97192606603
2089,125293.16886620043
1297,175288.4663083897
790,118593.07850069314
2616,200657.5572085499
720,174043.1299117926
222,150914.78460200466
557,123249.45473365541
1148,189190.8625174987
2766,170730.86012281151
534,171332.53661678583
1452,124535.80231013393
630,114635.9416536409
2648,116574.63435354823
125,162802.44778769236
1904,76717.26097970207
1670,107458.06636321568
756,92950.47170045151
717,238691.96179214146
1032,151390.82138495418
852,209692.06200227258
1731,180236.7781388165
2639,113347.38511458237
2071,102026.76766147502
1267,110549.56068902485
1851,197666.59784425524
567,161369.47527045672
2439,200864.34372254254
1898,151302.69856294713
647,159683.30090259013
2256,210875.67214732312
979,92234.77655438408
1444,216639.9819601882
2485,129598.44629872145
157,136268.80262469657
88,124242.83349230303
2003,105847.62000820645
186,205282.59303307906
1425,242679.95856415224
2695,126572.64672112087
738,106367.50506489459
395,158290.47441383472
1353,162543.12672014904
1878,135047.45698770313
390,159237.2062708828
1456,232661.98707780754
1103,328238.65271899296
1387,138166.04888564866
2070,142589.41048247245
1199,171056.861469508
2479,169526.64246264455
501,317780.69304175547
2362,101664.82138789243
1718,201604.60718341294
2188,102024.85223133735
1483,157894.43277839848
2557,90115.62471616476
437,353881.5900836514
2224,214686.67000304413
1628,160565.6872310538
397,138165.9893447519
587,193532.71854346324
2182,703364.6825167451
971,131556.15321695627
2611,144405.17172499283
1887,106767.88454440776
2399,367002.315976131
2148,192739.02009904556
304,127098.87435053596
1997,134426.1853662091
2817,100453.23828746018
1431,212896.17805075896
427,366570.899940268
263,125263.02959556418
598,172397.405282485
2895,217027.592738447
687,144047.07298540967
1822,135474.58520293466
2191,112092.12611656725
179,123170.11182578809
1009,205567.66971181764
2010,135433.41234297102
1991,130470.2739265556
1411,186672.60603236454
1721,231692.6296061411
1144,191693.27947711485
593,207628.5743633945
575,316546.516088867
1249,175725.79867345624
1604,122903.8246802246
1064,503078.02722473734
1923,155076.12438131834
1988,115140.90177198728
2325,167524.96215251245
114,196394.72883023898
2700,179610.80765136733
217,130914.80635031153
343,177494.339275203
386,216634.5406474601
2005,118521.29184829348
2908,145980.64587712236
1814,226086.1967460353
2446,542909.3470902945
208,126264.57536202489
1679,104682.57195303949
822,331060.61749711283
6,196411.5673560975
1781,426140.5726471322
2397,296563.9410459144
2340,315399.3367841302
1618,174545.48580582847
2843,119772.6543384925
1061,380657.69822564715
2786,125243.89589296878
1935,141303.42567072582
1341,113722.24362556441
521,267472.77565061284
2136,133814.52951317382
996,209332.89303441183
227,144774.03477776435
135,192845.11909727598
1167,168302.34800454054
294,230396.79887506264
1776,210438.8608521536
540,155407.0839506876
1717,206326.07223003864
2303,134082.8110780549
116,179685.6453187931
127,136734.81345546985
1371,129746.8103516685
1014,160624.47183006184
1507,109811.2658369007
702,123155.84749851111
750,148236.47050707345
261,150936.2614541529
1559,70678.34699916441
577,219328.4329503366
2812,193562.37256942256
2080,161243.99473454207
1368,108132.43589580708
2376,123367.65516857366
659,110209.35099429805
1235,137911.01177910453
332,74196.58427640932
1917,143694.1021622558
2094,251577.7677441403
1460,280420.59862941405
1471,218652.0445710299
1509,129441.6855748923
1922,139643.2565839834
433,508672.13339853124
460,255544.72814828507
1116,239891.14089396564
1137,160963.06670755587
53,158919.91712633343
2354,263118.1108627257
1475,190764.19902840874
1761,604324.7999016121
842,142821.09102757758
2739,177441.11429512297
2509,146270.33773273497
1007,185673.91584906288
2610,181944.6604280076
1952,96072.95934480027
2719,158173.67317014333
2921,75056.92789581657
1966,149655.09043073223
292,109418.55835850384
1204,188142.18144739646
1829,259853.16304119065
2419,187666.06409838484
391,137766.22741261136
798,106451.12090895789
481,191658.8205659921
193,197444.78442207162
555,114198.47886423403
899,59412.66054934614
2357,179767.19800271775
328,130092.6289511099
1356,111329.84291374039
1154,107435.39072680473
1730,179866.29372990874
2249,163214.70522600808
1119,290531.8471795677
2856,144686.63392117733
1394,127574.11036468405
2587,111422.99746287972
61,339350.30223945406
2661,182276.55191682678
2711,134655.175125157
1147,172707.21856931617
757,125205.7676740238
2623,115282.54254686195
2378,134889.45757600805
1413,146578.74930793344
1722,206615.68871989605
1112,221769.93661879658
1623,196166.89914290843
1201,191442.4099501038
1513,114660.91807182126
957,395285.2876502148
1171,261133.31683119765
1145,193768.67729921118
2726,231266.2516460279
703,146710.8161509368
760,102627.60323888042
1964,155640.3899439815
2512,168104.1142445332
159,145994.33305569424
1281,156160.89157975244
468,179582.9414147533
290,122682.06060664411
665,90995.5599911859
1463,263233.9473472241
1792,228447.84574978516
923,169680.68921975663
500,281641.4197866797
1408,189041.79854848143
331,93562.00970234303
170,114232.30752226
2192,102032.76048271837
2571,328232.8702880918
2314,174128.6759480547
2647,88151.06603842093
422,436379.1501154997
2457,382249.99780391064
1838,204774.32013830135
2805,261781.37002921925
1645,150737.5006203148
1711,298201.9328356716
2825,240590.36029354567
322,343635.16618236084
2103,259226.94770669503
342,121563.44242989583
600,128636.71121541681
488,172537.47912093875
1725,321992.093806862
2246,298958.2584842458
2847,155465.78622799902
806,231168.6002397571
530,230394.16995979648
963,186859.95420691418
2678,99370.21982010288
171,88633.04283404775
2401,433848.8717421936
805,216811.9558847331
2259,241236.59537888787
1748,175850.74194625422
1361,144610.78740551087
1677,111191.5235339888
1406,153633.50459772817
2322,254280.87662901948
688,155123.64725191105
143,142900.7622265595
804,201105.23051685028
1214,183524.59474056872
2828,148892.77858730353
1999,188741.58316604976
2467,205723.9587932147
2665,157585.3486317546
1538,390109.80346756754
398,120258.40158241923
2822,143942.24593781788
2157,136803.1157550776
1856,192696.20401157578
1269,97095.59731758514
2570,114979.60524175288
2320,242257.51066049514
1517,138305.28837552437
2304,132867.4070953197
1312,98179.64123844774
2012,129744.44077606326
506,233771.87051881506
2865,211412.46312729424
2367,97742.43900540064
554,83001.37458729406
238,135133.20200318884
1954,108326.64212587087
2488,120436.1725006875
2291,71417.48777680848
1969,120268.1717889864
2725,168395.0060954488
1482,148139.39703859075
2763,196837.28749472756
503,250727.3260296508
1584,240759.02115013695
1531,151299.20874029936
2210,176267.34400259735
459,336346.378813552
556,134913.02521988025
1347,121624.15868380404
1290,74069.65598197618
1388,103811.8869627613
1571,311433.27833156724
2754,199547.98582698242
765,141836.08794674603
2494,135985.54938734777
2870,231523.70721343163
7,220748.68031767252
1114,252280.98007672915
2418,278760.9240543137
291,122846.44503567113
18,359486.0447263012
39,372592.1479898287
1001,258259.45611594483
2442,224869.16711823578
616,123116.15346919911
2680,89714.31326536792
1414,123132.36885511756
289,154576.8532617322
40,256232.41555326176
860,120143.8288830822
409,135638.3028298263
673,154367.0548904045
2427,178856.2310662374
2036,209628.25989722204
2564,138961.60320836343
642,145993.56460920643
1008,174470.8903480555
1908,139798.16993314555
2519,203515.14618978926
1369,84516.64810559576
2855,175095.3353653899
712,105198.21433672534
1943,111816.270837454
1958,116881.40509696442
107,152533.06914082955
2295,193911.39199123118
704,102921.22085050271
676,145068.69640801375
259,179476.18606123628
93,286115.40281735745
106,241523.7660240035
2315,177191.27824708633
1050,94408.37305319661
1095,195620.59860893633
2709,147844.95426039046
758,119535.23575604262
1496,154856.64309418955
2370,117437.31908974619
2458,287077.5728521669
2733,130830.82497545215
161,248556.09522208985
726,146910.94788042767
845,202680.16501497212
947,245169.18328637848
2232,107189.80243768869
2563,143908.9839070607
2299,142868.4856149317
211,88098.89859565423
605,153356.5552924056
1478,194060.96188731585
2247,294727.9020710528
2274,222427.2355728508
2869,211230.41567707894
967,211778.40394608554
2656,126432.33097200401
667,207458.50588667602
1042,112274.55214715764
2023,163196.24970565605
2447,401893.9461080198
2055,140106.19083829405
2275,299206.8492508689
2204,170877.28759211948
1563,287580.7196567142
483,203818.8465163047
796,126739.72920464087
1526,159461.4195618407
2042,130542.2784986702
442,346935.8801672951
1693,325824.4163995849
1468,215618.44956377003
1430,197166.05486399904
2605,131664.85526301715
1529,197972.146925947
335,152878.24050021812
1287,125871.98701663801
31,95663.43933294484
1785,323783.71062344534
82,161384.67321971664
2620,120214.28878631123
252,178540.56381592542
721,61735.809300679655
2165,187137.3568326287
2316,191616.88439551106
775,133124.87927805187
1558,73865.85237591877
17,215278.19587207693
1022,218269.00639824965
925,133985.3615176097
438,280416.12317685835
1270,137278.1549232847
1272,135780.30735807528
215,128069.4813550965
266,229621.25498226922
2402,280929.0139396111
1250,127584.36234103478
1984,119272.03235617917
1279,144944.62931552585
377,241074.18005345194
1252,106209.0625645588
2156,267610.9017334507
499,327688.89542669815
1374,128608.98829848574
2898,263964.48536574625
401,117796.10494475227
2721,146416.9206373471
2078,237446.98909711093
2589,126078.2366960372
1946,241204.23147249065
1334,118827.45943309757
2781,218154.75760098168
431,403798.334201342
576,196558.16170643686
1474,206272.71749252273
2254,144679.27583803106
2155,279726.4851014974
885,100885.65315652314
643,146788.1339824947
1944,124928.38574308099
480,191823.17998247434
2845,94018.26327764866
2387,324948.43495963735
2407,204429.46384107674
2527,170129.3259887161
2514,144073.78820994822
629,149252.87758969405
80,203946.28769072233
1876,141270.15666349966
1546,129228.6343807484
2518,170985.0776360743
2347,146975.69318411258
783,229498.6810263654
1322,41807.55625713387
194,84032.56147676097
1770,294369.592825516
2143,152418.35018720615
1229,229509.0000104029
511,287080.80420052074
46,222830.50621632455
1348,160832.74989689648
2465,203253.04057239773
387,232528.4425656413
873,217163.47301255265
1918,135556.07744497276
2764,228243.6141470671
2184,134080.46600780304
934,129039.98551597152
1920,131673.58261554103
2631,148651.18004350094
1768,641128.3342323554
2040,116747.50169346374
1749,212204.92350384285
834,248932.25390443543
1457,228198.9053399898
79,119227.71469718245
2302,133554.6305168969
1817,155445.8335748341
2755,235620.06490173028
359,175428.33114569235
2059,106422.94195907188
2092,234274.81348733575
2516,219990.89072974387
150,119814.18558539708
1656,135855.9496435849
83,88398.64322304458
2411,179592.71918883367
795,85838.01702993551
2312,226811.49324631458
2917,107338.03923998273
1624,171120.94484672978
2215,305907.63651281956
1211,153502.71993405628
1485,157629.7153846646
1024,168089.40936558536
570,196602.64264710725
2874,135226.19729058928
700,116877.61391104516
2756,211686.0094669292
2022,182712.07016024567
583,224610.23711944258
2392,372908.25603750173
2424,171625.3233865644
212,114050.45363973685
736,130835.403869705
1610,167172.22254740895
890,119719.98456032513
467,175386.21836379584
578,222823.59537503214
1747,192589.1560656445
1149,150854.23993764413
2758,253075.9730409364
857,153225.89050820904
2219,267933.45977457816
733,93429.7693743094
2909,99838.2552498833
1798,273247.57340321987
235,121977.3848758651
2366,116158.96786851826
1027,134309.47933184644
1195,137173.1242801472
1303,64793.770051474596
148,189207.35861316015
608,165715.14383962075
2515,197184.4467006712
821,277870.28165307094
2500,261514.00837528706
745,109208.7736003859
741,122313.82733541878
1611,112104.94546902075
2532,128072.73196189359
1081,227946.86440891854
1692,467516.798277289
2520,174690.9820613696
276,107369.84865905701
1992,130863.07620548765
663,76120.74735369017
418,127081.71690986243
1733,195813.2118897649
2359,148372.86943833926
253,178045.82058746173
1518,170382.4056676074
2035,141304.37749330033
2919,73344.32498939075
1540,247987.21099164593
2120,148601.51526795654
1674,164468.30731119512
256,154687.41321143767
2361,119210.02291398862
978,70855.16849136507
2280,141269.16048439953
2095,220325.97092952376
1709,338657.5449247879
2801,246643.12000173517
1246,115662.79458334848
2373,91637.66138031999
1055,297553.0180787316
2017,121348.54539859487
1099,276655.4378713084
1344,89774.52178535955
835,201203.55425564043
1117,233772.66902978584
2043,85678.48870992502
2085,136900.1052667261
410,138720.34102798998
2650,111943.25241801671
2867,179486.16298525542
1668,118707.591965863
1161,156356.9128177992
2122,164990.98459199854
2539,155408.73378369547
1047,136176.96018136706
1445,134137.8913247627
541,126051.57949068444
569,221479.21823045233
1276,116383.18311396813
918,158612.7851738399
326,163664.01401806754
1936,129204.30449637421
895,103603.51762405687
257,163777.01887584417
1241,182578.4869998287
1545,123590.69898004261
1189,161329.33715787236
270,143085.52198923632
2066,174999.68703711103
693,109562.5722993764
1259,136316.66279805635
2916,149054.135613767
2321,300564.600399974
1977,92205.73550482822
1895,135822.27808502023
1240,170761.22687639025
85,154759.88866654685
1823,125209.83478261286
825,284967.2277703921
110,228706.28846047018
697,118621.62071411364
2297,124320.86072515664
1231,140179.5405170806
1355,134471.312154403
968,343075.36720305716
584,228898.29379385378
1315,128687.45771948756
1606,147717.42562831723
206,93824.64652792548
1685,363769.5801135998
2016,140770.55753958333
869,203604.7126145255
2135,119445.2376019271
2346,176271.96654604748
2430,225570.5241603703
2198,90789.61402230035
2652,122331.36222937313
27,118500.77780577296
241,159503.2712488923
906,121920.53544438952
1506,127631.79928419518
2098,394562.12900704076
1435,226363.25093492464
2213,151862.52566769702
1274,135183.892300967
743,35419.61529652125
1737,194572.4460731803
2797,274406.2634835574
2185,69954.32926695308
58,167012.31607963273
830,198569.85864588
808,110329.5309019174
680,141626.1780916372
1153,110012.29830109212
1291,131408.99656115944
1818,143913.66046345318
2161,186790.44913031952
1883,122065.13249193522
350,358526.3885987784
2473,145572.67077423775
295,186190.83736486125
293,182357.7012870598
859,133933.75253684248
288,63533.46367722226
1578,151374.19720630307
102,194377.3855774135
2831,133161.26745603795
1030,157367.6825202549
2551,148036.90152766404
1286,149530.854445473
958,321554.2094788271
776,139078.76405922527
72,245825.62650443078
2263,265105.9992501197
1866,155240.99538794812
2876,74760.09183769193
2146,248287.86575196794
103,169756.42155944867
1500,135057.94958769472
492,179172.5072898265
167,153237.00092662056
2597,120899.58443194756
2685,110272.8212498806
1035,156354.24169410244
1220,85147.89299189653
2602,153829.05043416965
2159,204460.18998365675
695,129629.53436226213
1109,259852.27820847905
640,189707.4812457456
1652,146008.10359859283
2090,185164.80836445175
1188,172943.3452275578
2345,240197.05420129077
1059,419029.00358760473
2751,239733.3733206275
128,203801.54075832845
1523,180258.1334274645
2925,185225.8150005544
2145,306215.9261034076
1121,223723.04679463065
566,262939.7352309207
565,237150.3084380959
1331,135054.9304528691
2928,130790.17939274781
156,143010.03122044928
797,141371.45421989664
327,88775.10638578607
2859,149070.38311121185
1453,126915.67842725164
1762,353273.1976981852
1868,202696.22854533055
1760,180356.04583411742
1113,238709.14042836722
1812,190272.57009014257
117,153705.80411741562
1142,196861.14803130715
2342,407569.0610168575
927,150935.827341282
2478,187097.12424346365
655,88973.04715333683
2064,122967.3213204133
369,264637.6352938287
2239,119005.10408746035
2732,218960.50174764387
1653,153048.34705872214
959,232067.25876279824
2395,350295.06091446604
1412,114440.16001804707
271,244095.29087918327
1484,147181.82128562743
1497,156141.0418897857
552,160676.3106235073
2,119608.30529481298
1855,303064.00236886553
4,272596.2124441196
2292,149665.7638133147
134,141694.8314247674
646,96802.30962444274
42,307555.82809339906
532,226406.61102053378
713,93092.47640903396
2561,136076.2703990888
2360,131091.23771516976
1333,124879.5392375434
1407,229890.79274696735
2892,298231.31243065506
574,210646.38090509898
1227,176557.40515770012
2591,208516.3800218731
1476,210979.84205204016
1125,266231.0993867505
1446,145947.15200828476
408,119261.8947223121
1101,287823.2230138731
2251,189932.3154744557
373,176360.54566360917
2554,134292.37431203548
2382,260113.3966453775
1985,86562.59148462654
519,234523.3260761774
1093,193997.6498106135
864,244679.3860257872
2889,141651.73188106844
2308,191879.24872797477
986,174400.93155089024
1302,144778.405843717
585,151881.81254998222
2708,150564.19172762902
147,135765.4346092335
1441,220114.59269544357
383,187162.68125750538
285,144623.03844392806
181,103699.7069604252
358,183651.7041209758
780,167324.59226256196
258,189636.79299579063
1865,229769.96422896718
692,110500.71348810528
2902,343108.1583809734
508,264971.897384928
2638,148948.4836355745
36,138567.5740136918
611,171831.9689727913
2281,157224.94766347526
1678,122901.87827961791
1696,473026.42077246285
1557,86821.38911157583
2180,163114.06969850138
1726,215328.2959367228
951,146262.0165457807
267,222136.82775239635
2706,134120.92856427847
2221,248404.97060552932
1357,176027.64125900695
2901,318482.9539310173
347,169382.281040496
2164,185792.62552076974
1586,310802.0627376037
360,145471.41057896172
1769,247920.9394512468
2617,163765.1794694591
1879,124029.73215199087
991,237055.86962697707
1535,129159.19016092495
1191,130549.55062553713
1579,208735.721916519
1882,145212.0644663004
1510,138433.74652462272
2196,137917.8515497597
1845,179320.22340271773
2336,401428.0373975384
942,89788.39149219902
861,130494.03594347763
2555,122663.99085525805
1392,162803.88987212445
2099,260416.4286005188
1543,113648.78294245093
948,289544.04460721253
1239,178935.48093652393
22,181645.8063091968
2796,243130.79211691342
2747,178828.99594400657
92,288646.83762654394
210,164733.95085951508
1858,200757.12804064387
2228,159145.89915766305
447,227765.51604539098
827,240135.39659840093
1649,192118.4793009702
682,141227.3057568339
2698,104728.04575941351
494,165186.8938322024
214,79818.91609822796
2441,240999.04451113762
2679,109435.45514307654
1336,121388.39682155929
465,169189.87196135244
1524,157168.65797593215
2543,108436.29502010705
631,142860.56533119385
2452,317983.5497885052
228,162951.68935220625
126,178980.49805245778
1092,232066.94444757304
1122,220369.1804138168
932,231962.8576811244
1980,84555.52526966388
2171,115385.18379602725
551,161948.31300513857
2768,170518.38697624754
2056,111997.4817550449
1159,363719.30455817434
2645,111488.49161374524
1174,169401.62260286883
2266,206070.79630876385
2462,413159.40118834027
1219,144824.01254126415
2922,187743.708332385
118,142716.72804512116
474,157910.6279877983
2576,148102.23603424453
872,284544.6226990118
1077,203974.03778581458
1536,150010.174405004
1150,111016.15080313233
2341,334488.3900216668
1931,162321.86985645705
2785,133342.82645174462
2538,128161.21004250676
597,214799.9274241103
464,187673.40044915298
233,215316.03763998608
2169,140220.61312434918
2123,170492.59667237752
1867,173013.89948461595
137,265911.3803235948
515,250149.6356834541
933,106447.38622517757
2784,169174.55982307007
972,168983.08149135835
599,169909.35634478062
2614,125700.8802632949
2582,142127.11258649325
1409,160356.99163741074
175,100251.25702913334
352,231932.01095832232
976,95950.03550326129
2134,187890.92740458666
984,121039.7213164352
2396,355600.01441542164
1673,135564.04929935746
404,119119.1432997806
607,165528.52170400714
814,142267.6919420669
868,182988.8451686856
2271,186335.0821811367
1633,236715.51126839424
337,150167.45542235815
2765,189547.1526650085
1746,234878.2450077566
368,339099.71978586755
2806,203066.60999895952
1662,188204.95496569658
1234,211926.51282913212
1373,121896.69392480564
1672,117671.4128777011
1939,121927.3591671428
