Id,SalePrice
2658,140324.9063798657
2718,150898.86178413703
2414,211985.94339684775
1989,108365.38332224931
625,173775.07126796345
333,85974.50461703942
1327,115229.3226187108
858,154202.84118420913
95,180236.32776556147
1568,162253.139368582
2482,149206.72101595858
1364,120486.00551993249
2584,134347.717166159
818,288080.80906310707
2673,153590.7102329928
2089,125219.53200266775
1297,175428.87092444062
790,119063.42845170447
2616,201654.4614111737
720,168593.03044935828
222,152157.03345122235
557,123498.32556665677
1148,189210.61833606107
2766,169008.38525712592
534,170007.6273326701
1452,123972.29773218185
630,112775.93247857089
2648,120540.19774424647
125,164511.20360740906
1904,82941.15356736575
1670,106947.96675335166
756,92682.16103617326
717,237219.14251720542
1032,150815.6043436855
852,207849.92586245353
1731,179865.1595283862
2639,110130.50426429702
2071,102052.9399120331
1267,110514.54863694942
1851,196049.49233537258
567,161621.64347620637
2439,201252.8939267024
1898,152005.3770656501
647,157840.63227010847
2256,209069.95540346007
979,93727.18299633457
1444,215547.5633591585
2485,133586.26281135352
157,136293.5085284504
88,126484.7893032183
2003,106867.64895419052
186,204679.79514148546
1425,240711.31169501203
2695,129656.35892360029
738,110281.6118578877
395,156994.5763262741
1353,160619.29977145296
1878,136208.87759882055
390,157083.94205208373
1456,231981.51004268433
1103,328026.6006087937
1387,139571.80029641412
2070,143475.60410249868
1199,169515.36409260225
2479,169474.86523180705
501,326235.11683573737
2362,106536.09180112113
1718,202778.92841106077
2188,112142.71358569001
1483,158026.44918940752
2557,93302.26396975678
437,355495.004474401
2224,218216.7447136771
1628,159462.0660846266
397,137397.74770669494
587,190663.22989120774
2182,698384.6542957276
971,127673.28633557989
2611,144004.2765533956
1887,102999.16010108766
2399,372585.33161242225
2148,191745.48363045728
304,123289.99856759583
1997,134800.4673638791
2817,99344.42776016085
1431,215701.094859635
427,364843.41903195647
263,126310.91484395378
598,172362.25904240558
2895,213397.1633083066
687,140341.95312499453
1822,136559.27363556114
2191,114068.33198132913
179,123070.47064672678
1009,203088.16634351594
2010,140897.6376038766
1991,126207.75521564226
1411,186464.77087082044
1721,232115.26403140108
1144,192938.75560324953
593,205275.5847302597
575,322221.33779851685
1249,173731.16547461512
1604,125249.4576072874
1064,511804.55684609443
1923,154065.7944345412
1988,111255.85881927355
2325,168705.0379063388
114,193664.91647212458
2700,175720.89413850388
217,127438.39064148303
343,174803.28967565423
386,213644.1384898165
2005,124063.95611246188
2908,147869.17527583652
1814,222391.21033661944
2446,543151.9918677068
208,129118.81659716836
1679,103625.73680451767
822,334363.1440004901
6,196830.32710505364
1781,427759.40600371175
2397,294305.35546037473
2340,316330.3682406538
1618,178503.1496710823
2843,114115.02141889966
1061,376795.40132128773
2786,124514.67560532744
1935,142520.7509659577
1341,113082.32195281736
521,265591.4325349492
2136,135720.18443106342
996,210700.5208603195
227,145201.17477631598
135,191813.15500606908
1167,169991.14037105182
294,229704.21618332737
1776,211776.14580355166
540,152058.15324131245
1717,204944.58689018668
2303,134696.25221451215
116,179269.24286028775
127,144158.24948598348
1371,132586.77517067856
1014,156145.85365515345
1507,107396.81224404724
702,122221.2656211225
750,146805.38716370723
261,148714.39077263366
1559,67556.21999030239
577,217195.886065802
2812,193319.1341870728
2080,161789.52427409944
1368,108195.33658857696
2376,125832.7071072185
659,106617.21338122811
1235,138227.36446107115
332,75837.21713949337
1917,144890.08359831234
2094,254221.5577556502
1460,275875.6643101295
1471,219493.41542209184
1509,130458.9721053919
1922,139449.9957196965
433,513816.7670833956
460,257862.16269052902
1116,239312.77273420463
1137,159565.81350842872
53,159463.33676000198
2354,262637.34846827027
1475,191045.80211211037
1761,607612.2711878757
842,144032.3750379746
2739,183556.54215750194
2509,146112.10039304302
1007,184581.6220817023
2610,184954.59297318303
1952,97848.34957499811
2719,154930.45464502843
2921,75277.09323295354
1966,148295.94386943986
292,110458.42216122703
1204,185461.55680181817
1829,268285.89181358705
2419,186995.64916510665
391,136701.85827347566
798,104208.47967762985
481,192435.55053528462
193,199235.8876102202
555,118436.18911055957
899,56520.84888354043
2357,178327.52281424697
328,130033.79759233652
1356,106459.80996943597
1154,107691.79205991513
1730,180732.61499660945
2249,165754.32865884842
1119,290670.41918456275
2856,145937.33183748304
1394,130647.85131035693
2587,112095.04202318823
61,339485.85592205066
2661,181894.90719652007
2711,132609.3689799193
1147,170957.58541462827
757,128326.15014261386
2623,118472.36914640499
2378,137198.4838422709
1413,145749.72814637225
1722,202825.5639139709
1112,225493.32231590638
1623,197003.13570130992
1201,192916.22350718756
1513,116041.45595688638
957,393802.79160704
1171,262342.9986278431
1145,192271.53538776498
2726,231818.94551419985
703,142183.85307129048
760,102994.1054353749
1964,153963.07722327282
2512,167866.53329369894
159,145738.11908175072
1281,153857.5685891698
468,181944.9410122911
290,123006.20321081483
665,86680.78382837257
1463,257084.78776357573
1792,231110.63243705963
923,168916.9120649225
500,281192.2964961014
1408,186034.31437403662
331,93196.92475500981
170,117630.02395220954
2192,104955.39101721291
2571,322778.7016887704
2314,175352.1061464725
2647,85159.53632437428
422,441616.16617718973
2457,381730.9427302124
1838,203490.0807035484
2805,258866.66306039927
1645,151534.20538685637
1711,298660.2351792997
2825,240746.5171978869
322,351547.5574229373
2103,257474.2928975376
342,119868.55411544221
600,133026.85837370675
488,170239.06195004907
1725,324051.3324543084
2246,294699.1853681607
2847,153755.34469604967
806,228420.72868150106
530,228999.6643136478
963,187865.9466660429
2678,107023.14600534928
171,90752.97434855295
2401,437271.9309029233
805,215936.82467172
2259,247680.882627894
1748,178058.36214751384
1361,145140.09991464418
1677,110267.69483098523
1406,152476.3552320833
2322,255223.79652013618
688,153834.05852366905
143,141121.68530584557
804,201315.63760479778
1214,186939.62954307324
2828,141837.1746994768
1999,188780.32998776558
2467,206170.97222672412
2665,156661.57395939113
1538,404465.39808802167
398,122878.3791458105
2822,144872.2709998243
2157,137911.27648570284
1856,194594.00447725563
1269,100693.42374428616
2570,116940.8131855951
2320,240308.1213081337
1517,141680.53517769696
2304,135540.05312064916
1312,98412.78755403565
2012,130229.75155913767
506,233828.15701950894
2865,218099.25146558642
2367,96735.3437231269
554,88398.85933703894
238,131455.43961626815
1954,106606.55670249987
2488,119086.79160201689
2291,74160.37760012757
1969,121916.38907348952
2725,171708.56079286354
1482,148415.51634778347
2763,196321.47995073645
503,251177.61214892782
1584,243265.0270827648
1531,148542.21109334036
2210,176302.08194032242
459,337610.8973603479
556,135163.00096796168
1347,118345.9259737084
1290,76057.56297646681
1388,106461.33726794668
1571,305900.309416002
2754,197411.1540998237
765,141159.71239290392
2494,136331.56871456912
2870,234687.4458783848
7,220875.27585199522
1114,253566.08700518546
2418,277371.4460019608
291,129148.42235486503
18,358520.7371193198
39,379437.3902155509
1001,255224.1673169978
2442,224735.82123029025
616,128082.89301413158
2680,88733.06345290478
1414,122234.95884443019
289,159897.33673417792
40,253363.5311708782
860,120055.16012287664
409,138112.9339910822
673,150032.94889606014
2427,178526.11175388301
2036,209586.09534380923
2564,141398.31155829312
642,141824.8778631801
1008,174575.60775856487
1908,139972.4436950044
2519,201621.97535324094
1369,76288.00483991191
2855,174919.3101786336
712,105330.1235642752
1943,111292.4561320252
1958,114378.90819233278
107,150376.24734760018
2295,194268.21159382493
704,103662.97602383132
676,150733.20859571957
259,178425.45096323066
93,284291.0825323445
106,241634.1766369886
2315,178326.9809033818
1050,94051.22050832273
1095,196623.92331112293
2709,149640.0743560043
758,114256.89877972392
1496,155620.90487084823
2370,115593.78505705707
2458,288485.2883009644
2733,130866.44366148434
161,246676.10084914227
726,150067.76265632454
845,202112.1467679712
947,239467.71379020228
2232,103835.26720287446
2563,141896.93506798046
2299,137247.54559635406
211,93420.7906205125
605,152045.10809825288
1478,195828.56026893816
2247,293860.98701598967
2274,219457.78494630218
2869,210199.25561443914
967,213053.9007980171
2656,127524.80858888332
667,203425.78601559522
1042,108719.08695733926
2023,164283.9594041285
2447,405081.261934991
2055,147374.2958635093
2275,300258.6778242494
2204,171734.41027312365
1563,286624.9904312226
483,202933.23226112017
796,126688.71307250232
1526,162121.89763113228
2042,126731.87632646039
442,351196.5591173489
1693,325328.08924028755
1468,214027.04807302722
1430,199058.65418593222
2605,124942.26759830101
1529,198745.88880300816
335,150493.03559780293
1287,125228.33352685528
31,96218.99380720938
1785,330589.22853555717
82,161835.7786189511
2620,124360.69657971317
252,179613.06871858018
721,66746.07676080365
2165,188088.0349068242
2316,192675.62359121634
775,138116.53906533055
1558,67295.56777992343
17,224237.01268678845
1022,217025.71293830208
925,135598.07208306761
438,279683.22392611357
1270,130553.03625972217
1272,136866.0537524373
215,126615.60042848645
266,229843.77108105677
2402,279490.7626480804
1250,124841.45621738344
1984,118707.10467379818
1279,147966.86988372862
377,244181.59766049378
1252,97510.10740039728
2156,265886.54930682527
499,328589.0757036385
1374,131837.87570742093
2898,267805.05696339067
401,115214.81738231982
2721,141056.64091018392
2078,241054.97275616063
2589,128130.99978231886
1946,236353.50006916872
1334,116652.14102291934
2781,216699.51021347663
431,405926.5919399526
576,194101.35069850585
1474,206269.10601941083
2254,141981.6321477471
2155,280181.33859583805
885,102296.33860601737
643,146857.91977424955
1944,127826.83608801261
480,192017.34985089605
2845,93721.25923663506
2387,323235.9948753904
2407,203584.6537282507
2527,168841.18559938084
2514,143044.14450769892
629,143009.0905701276
80,204663.88085457744
1876,141062.73199901098
1546,127181.35128548631
2518,173851.11752412957
2347,145806.37875798746
783,227441.65522005624
1322,43622.87462417991
194,83750.5400126495
1770,293783.0729774343
2143,157642.09822846027
1229,229246.64422605876
511,287892.9465109132
46,220546.5627700997
1348,161124.9682465696
2465,204243.6143758638
387,230800.08986211318
873,216878.02369242843
1918,136129.34392991426
2764,225998.69223492025
2184,133174.71093092315
934,128431.89059670987
1920,130489.83084607281
2631,148467.07217222886
1768,656310.1845310394
2040,115685.22239493357
1749,213198.5582696554
834,249408.96773533494
1457,226600.7200298101
79,117541.41415926155
2302,132141.36773627816
1817,155245.10883854082
2755,233212.65266017293
359,177196.91354330443
2059,106148.36750645337
2092,235716.78283032947
2516,217975.0867927326
150,118425.52437454172
1656,130742.87133961155
83,90593.34277913586
2411,178064.7484374873
795,84912.64390588633
2312,224267.661379714
2917,104617.05626124349
1624,169508.09087457904
2215,308168.791449824
1211,150609.7265828699
1485,158382.4572892815
1024,167688.43619722512
570,195947.9641265404
2874,136708.59976470502
700,110706.3991985183
2756,209762.16905762887
2022,186930.76654759643
583,222504.8088329957
2392,374980.48996579763
2424,170855.38614502907
212,109773.16892378118
736,133049.2713107547
1610,164508.09436124266
890,120134.65634995836
467,177320.91332013078
578,215825.15364212863
1747,193997.50260491594
1149,150607.9455736876
2758,252928.58404806966
857,152093.31390374937
2219,266910.5358210263
733,89207.57926832375
2909,99144.68313235648
1798,271763.93227748363
235,121634.46878139538
2366,115754.9112929254
1027,136054.27379304694
1195,137440.5737233291
1303,72819.1820173935
148,187454.80186764855
608,163530.8461118852
2515,196943.84947472584
821,278576.17069475894
2500,261713.12400511315
745,109718.747686462
741,123725.346929371
1611,100254.12891295561
2532,129276.33187165111
1081,227051.18753786286
1692,468300.9476084319
2520,174932.05375899005
276,107180.50620571418
1992,132202.20740779385
663,80487.50945496284
418,127234.95685396541
1733,200015.9528261383
2359,149324.54352148448
253,178506.34300954916
1518,169852.29165251963
2035,138067.0719461777
2919,76521.4897361184
1540,254173.62061119254
2120,148553.39820617376
1674,166905.5215383916
256,154064.14156755788
2361,123949.9259088991
978,71396.35528254778
2280,143592.15143753088
2095,221942.89632861628
1709,337750.38738901063
2801,248059.38523003564
1246,116781.63541597029
2373,90445.9558918107
1055,297914.22755689325
2017,124751.99314712385
1099,279767.0449633929
1344,89632.44709849113
835,198144.0267349958
1117,234200.6126514221
2043,86512.68562359226
2085,139776.0494317815
410,139340.21080924477
2650,110745.32418691661
2867,183267.83613607392
1668,118170.7391518734
1161,155794.78064428712
2122,164906.41479806358
2539,153910.27151273665
1047,138695.78248437314
1445,134615.3453460805
541,125868.72851928332
569,218823.64964229253
1276,117389.17908624414
918,157063.56047086514
326,161681.53540958007
1936,129067.9148501712
895,101802.5929779849
257,168390.14848957816
1241,181297.71876425674
1545,116668.10136616131
1189,161372.90566196112
270,144966.0410280188
2066,171228.42253109376
693,111491.21724469955
1259,134147.17097167048
2916,147827.3799000685
2321,299294.4337846651
1977,82213.93228270183
1895,135103.73452619062
1240,171701.04191844587
85,155753.80739222607
1823,128250.96734856998
825,286267.3366931143
110,230336.6703134321
697,118809.18220945902
2297,124399.10860826934
1231,141286.72209790314
1355,135284.73151512185
968,348827.6550951636
584,224412.71232938563
1315,131733.02944282343
1606,142565.47313537542
206,92031.95491179668
1685,366175.46572358755
2016,144431.8004370617
869,201427.0241094732
2135,120205.49274230351
2346,172603.46001164723
2430,223733.9488292893
2198,92511.02262923637
2652,121831.65627251953
27,120532.72362512033
241,160540.7561300522
906,124070.45167535401
1506,129366.32999461322
2098,391923.20745256793
1435,225167.87020190747
2213,155540.81382866568
1274,135299.82532544562
743,32841.36364873269
1737,194872.10619746242
2797,272809.7276283053
2185,71732.80989271971
58,168172.67546428414
830,199757.64741358295
808,108457.05340953758
680,143049.15876193464
1153,108623.1322682856
1291,131962.08662704358
1818,142081.77455774817
2161,186290.99908624394
1883,123474.49484914249
350,357577.28776019614
2473,144999.61915314407
295,189164.31713025263
293,186556.39222403307
859,133985.67711604288
288,66946.47345304985
1578,155948.24933768742
102,199175.1603280161
2831,127425.07787153692
1030,155479.33522855854
2551,149233.03483852296
1286,151447.91526171932
958,322363.66914758703
776,142618.17967231857
72,251736.7261538069
2263,263378.1334272776
1866,157504.50923797395
2876,75833.63439653923
2146,243240.5719865509
103,171706.73419210236
1500,130357.15150045138
492,177918.45607503655
167,153864.9545395821
2597,119639.60669776333
2685,114038.50613400001
1035,152357.85930079233
1220,88968.98791263204
2602,156897.9875282222
2159,204344.39837985474
695,126938.01031270664
1109,259382.5841161124
640,187206.23094724675
1652,143133.21501584613
2090,187146.77959827805
1188,168725.66292338545
2345,243914.46009320335
1059,418134.83200966223
2751,237029.48576136545
128,210817.7562028183
1523,189081.2878100907
2925,185353.37876992457
2145,304284.4011918871
1121,223195.9374044995
566,262384.37673343124
565,238284.1326188587
1331,135578.5964630349
2928,132921.88980971125
156,143154.88594608865
797,140372.53930940168
327,90859.8051251533
2859,149572.7325547314
1453,126807.29914585326
1762,353178.47554806113
1868,203966.27183712024
1760,182491.6583434318
1113,235817.4332670163
1812,192031.88250888948
117,153664.4495684682
1142,193996.41521106326
2342,414364.12460626767
927,149227.10441614717
2478,185305.09920938968
655,93381.7683990621
2064,122858.0016446106
369,267432.2041655014
2239,117096.81807694651
2732,215058.13108468405
1653,150143.5284161623
959,231325.39201849976
2395,351102.67582828604
1412,114041.3075298842
271,247808.9127324812
1484,147928.95692612306
1497,159550.67317856877
552,155290.75607389273
2,116263.86505319156
1855,305949.6398030177
4,271189.30629846104
2292,149929.04217062955
134,140676.48750030453
646,94217.34415731898
42,308847.626540226
532,225154.10523740575
713,95551.19374482147
2561,138035.21195797046
2360,135930.25006980274
1333,126812.50440846
1407,239649.22872037426
2892,297985.6721304455
574,208673.03413247803
1227,174959.05878116423
2591,201520.6674245118
1476,211074.87173347268
1125,265564.89919471357
1446,145702.08440376096
408,119712.21754949079
1101,285980.7313349288
2251,191012.5826161328
373,173637.13372797353
2554,132406.44950687684
2382,257455.77079674375
1985,87307.1567884673
519,234110.7253534085
1093,194994.35544033398
864,240745.0275686875
2889,138687.34083597915
2308,188558.17800121507
986,187280.4702639664
1302,144707.46272614898
585,151234.68409855553
2708,149942.24224776254
147,136594.68559958664
1441,220185.80335027355
383,192552.61991807946
285,144958.06023020606
181,105114.04847740794
358,187950.94534380388
780,168857.0618454527
258,189162.51336333677
1865,230925.62840901778
692,106713.418850568
2902,343276.57493818796
508,265746.29100557126
2638,152392.5219163135
36,141515.25506345526
611,167959.31203650686
2281,159620.37616584057
1678,123899.38080222334
1696,476446.69294364064
1557,83583.29079335129
2180,166002.99218337255
1726,212433.25447639916
951,146688.94047039736
267,220623.36624133214
2706,133043.83585010693
2221,250059.79200407246
1357,178956.48866032623
2901,319971.60339612537
347,166973.84378306006
2164,183286.55859320593
1586,309239.87148048694
360,144506.0440073118
1769,251684.02810376568
2617,158031.91501091898
1879,121204.78189829929
991,239037.83597085718
1535,132452.89965310815
1191,128971.21593821637
1579,207970.71077088776
1882,140573.53396566343
1510,139563.95751011194
2196,138823.62627796596
1845,181882.74240809702
2336,403096.71583417594
942,86711.75623636783
861,128026.61507329282
2555,129415.68371159429
1392,162387.3633666485
2099,258631.92949235387
1543,114254.36467870127
948,289616.2200195497
1239,180018.1250151426
22,179385.3852994218
2796,242731.45123666612
2747,177738.55714721035
92,289026.42507963814
210,164885.9817835784
1858,195056.7822105898
2228,156431.73926473578
447,226815.80326022714
827,238904.60192775118
1649,188357.96038772297
682,142994.84667482862
2698,102358.07845551791
494,165271.99923823046
214,74435.99179605747
2441,239436.14191290695
2679,107226.61856386947
1336,119993.32555279414
465,167643.53421472613
1524,156319.92640601125
2543,106868.48255780542
631,143038.91521120263
2452,315800.7373698482
228,163528.39611126896
126,181983.54461269075
1092,231586.1108513747
1122,222675.97983242635
932,229085.65337703552
1980,77879.33408425034
2171,114404.18406116444
551,161095.56623257414
2768,169041.94613729048
2056,113272.59005706484
1159,362669.33341361897
2645,110925.39576467824
1174,169723.76272668084
2266,204169.05774880815
2462,416957.1041601186
1219,144080.17275190022
2922,184667.02756973816
118,143495.52685215673
474,157306.0020198237
2576,146931.3139188547
872,283572.992565325
1077,201749.12849080644
1536,147015.8127336334
1150,110137.45425090572
2341,334525.5768569694
1931,160504.20899082816
2785,134247.05055488079
2538,130178.84523113277
597,212184.09908879807
464,186651.54244787004
233,208309.6762937771
2169,136865.111773383
2123,172113.23159202517
1867,170462.31042200877
137,264947.73132883396
515,250026.8518391779
933,106367.81425978521
2784,169319.64775519862
972,166982.51497112677
599,173487.42260177477
2614,121925.98976578153
2582,144235.1182820021
1409,159950.43604605232
175,106727.40054135193
352,227656.04235250468
976,89102.46558681066
2134,187644.57712815414
984,124667.57492036396
2396,358158.37372344127
1673,135037.55368464085
404,118782.85216241857
607,166042.20069145868
814,141649.79400946412
868,179922.77023660654
2271,188358.76860306348
1633,235257.2865986643
337,133594.10092244792
2765,188576.36951682557
1746,237480.0288798362
368,339700.12895704655
2806,204249.74388498173
1662,188641.46735948106
1234,212256.8957839515
1373,121866.43704997374
1672,118569.80431652712
1939,121280.01964101382
