Id,SalePrice
2658,173203.80665432452
2718,183738.67951737065
2414,222174.0374020578
1989,96188.93140953803
625,167777.57893292105
333,101671.6616487921
1327,94744.106524601
858,141645.09539555258
95,230486.9573860939
1568,167089.95947464684
2482,171253.5913668014
1364,127500.01249446196
2584,162247.26815835154
818,296881.5860566795
2673,174299.64503534394
2089,135473.92960530892
1297,158542.38554685155
790,117985.86681489006
2616,190095.28825468756
720,201014.32795316703
222,123632.90692324692
557,108581.43863836548
1148,196347.4138210772
2766,147119.75176903256
534,204752.8066586242
1452,114016.73437962483
630,114673.01398694573
2648,121724.72945361072
125,146833.86192426004
1904,37107.24871030124
1670,87358.75630447245
756,84358.00542943354
717,227048.88220575405
1032,134487.1099268339
852,218786.38026530016
1731,219092.2206829167
2639,110258.54168602452
2071,82603.78902166546
1267,108138.59539303568
1851,210768.08452189644
567,180395.2576751433
2439,241334.56971205096
1898,135864.90542531898
647,133657.985940748
2256,213033.20824689185
979,115788.96975280705
1444,236956.70438261866
2485,117143.4501846747
157,110146.32060213562
88,120095.72917697963
2003,115884.51496714912
186,235424.66846038122
1425,255027.17585647316
2695,127434.86593532865
738,106810.05340733181
395,148595.6776744019
1353,200421.16599758295
1878,136215.9678499268
390,187909.62516875623
1456,240699.79114191397
1103,274439.179578196
1387,103919.60826111899
2070,126779.10858883266
1199,214244.66773604113
2479,195199.86231634975
501,275600.56794015947
2362,87457.45542347664
1718,183118.85754016764
2188,36019.270301895216
1483,155147.1027612345
2557,58225.823752686614
437,309664.98079397157
2224,176134.6601499326
1628,212423.19209972187
397,124977.34243388928
587,189504.13947547635
2182,492676.2921869883
971,163629.7052564096
2611,155952.3306761121
1887,109035.34375906712
2399,290256.10343452054
2148,217841.07115853415
304,128819.58628189552
1997,123208.59535373538
2817,92444.50155437598
1431,202285.5530855537
427,281692.7117829453
263,114715.84341618011
598,166976.99605616892
2895,247056.5911902415
687,166526.8938601754
1822,116899.97531587165
2191,86054.53156819916
179,145497.32339563
1009,223042.96900137374
2010,121959.94767059176
1991,164203.67718362412
1411,145236.5746359505
1721,250947.2411915867
1144,204317.898926395
593,255975.87321676756
575,244838.28168830322
1249,189092.35845881922
1604,124449.46334707958
1064,356187.71418708935
1923,155580.03587329108
1988,101231.46780371107
2325,189205.0117272723
114,204637.64552047616
2700,200347.9858861242
217,143609.73080585024
343,175525.8215476483
386,266691.74206748675
2005,107759.08513088012
2908,148230.22086193739
1814,217774.75334364246
2446,423000.05097849783
208,134912.44369651668
1679,139348.196348635
822,288865.07210074854
6,197697.58538554632
1781,329287.27619700483
2397,276992.12601641123
2340,286777.76119231223
1618,189586.80849922914
2843,140106.3274579337
1061,323780.0023881858
2786,114387.14609445538
1935,113280.75980948587
1341,109020.7760772825
521,275870.79913020274
2136,126171.83015345596
996,200117.89619397838
227,146197.51689808758
135,152105.9740391568
1167,194733.8170756325
294,227281.8894534211
1776,214919.23590232525
540,197152.9196189067
1717,183637.89797063405
2303,116731.06840673997
116,170710.90376741125
127,115529.4085263653
1371,143675.30302486045
1014,166843.93298414804
1507,117781.36366715806
702,170325.68950058648
750,166111.52050792088
261,173878.47464219446
1559,62077.24817043508
577,223548.09903439158
2812,234504.49419233808
2080,177108.63416528748
1368,134867.67289151775
2376,115091.34012175957
659,85535.13749637885
1235,119956.0384179292
332,100669.91435805091
1917,137702.4156385446
2094,252951.97608738462
1460,291782.6529695855
1471,190355.76539543015
1509,121251.84593675297
1922,117021.6355994672
433,370564.91768799745
460,271737.11421267805
1116,252757.10345037002
1137,171029.70191944728
53,199232.93952752138
2354,270713.44847152196
1475,217381.00280243973
1761,474589.41169508407
842,132533.94033506222
2739,151168.03643294075
2509,204867.65290442086
1007,240195.33767133253
2610,187898.7801037538
1952,76947.5811146244
2719,182134.39839029172
2921,100718.68388042366
1966,130895.00438304222
292,141637.01883048436
1204,231138.707465142
1829,246156.71620126697
2419,222105.88627963257
391,170807.39191710146
798,148076.0555000865
481,219434.24062978383
193,213500.338499967
555,116941.15304601553
899,56935.74103832117
2357,216238.6603483879
328,119203.792921743
1356,111469.05776123924
1154,108816.81766400032
1730,194437.8737595596
2249,146254.73416537885
1119,270123.5432272635
2856,134266.3103109384
1394,152650.1750934882
2587,123834.02129610744
61,301480.2497409899
2661,210401.1595784051
2711,140840.6210218754
1147,201781.4772767527
757,144860.18451480812
2623,88085.11161326268
2378,178323.08496808424
1413,160531.06458736781
1722,240718.73701032577
1112,221373.56733586336
1623,204780.55591358407
1201,202446.22236029129
1513,89384.48122599826
957,233380.30105275428
1171,273763.38360798266
1145,228802.52132621594
2726,222258.16883927723
703,185374.3682929423
760,65342.335659095435
1964,118561.34542933176
2512,214977.03043181123
159,155642.309672007
1281,192632.3607067361
468,198130.54899995984
290,122529.21981898311
665,86960.37848155561
1463,293219.3337525863
1792,250729.3543888859
923,132739.64526602172
500,267650.071678102
1408,136727.13579739362
331,73644.13695891749
170,110082.63645646872
2192,74091.58797230176
2571,300556.6439711158
2314,190371.91252222238
2647,89813.27524262015
422,350925.42067328305
2457,282591.10710574035
1838,212528.34532604343
2805,273398.23694554274
1645,171342.2568139492
1711,298883.36310115247
2825,268778.4826742448
322,305695.05476472876
2103,257988.4102759906
342,133921.43514215027
600,84168.25631425588
488,210615.09715840523
1725,297717.9914921669
2246,256092.98021233524
2847,168499.09008175856
806,273508.92214362277
530,256775.45365003473
963,180692.6068565118
2678,60048.1427634405
171,73511.47082677728
2401,347220.93319419096
805,238285.07955632452
2259,218828.27652752097
1748,213199.03028480592
1361,170581.98427247966
1677,162026.4443041149
1406,144607.1831778559
2322,253826.89105325378
688,192426.35239346582
143,133610.2623531894
804,231841.78649907466
1214,165551.32762875466
2828,170215.6595865679
1999,196201.88925475907
2467,226824.31591017987
2665,195309.3632269418
1538,329417.6598450064
398,87541.2717504307
2822,132733.4447605582
2157,155783.0090958008
1856,151539.06194077875
1269,114437.11270048574
2570,121288.28402809915
2320,265609.9941455575
1517,153456.64680399036
2304,130956.11314725853
1312,87178.37783414253
2012,145652.46069860947
506,235826.41551939794
2865,209883.47675446677
2367,148370.90129341488
554,113988.4403902149
238,122859.89323981234
1954,109533.7705645687
2488,190934.61975301383
2291,103625.22663364327
1969,112629.61049171584
2725,141785.06399479788
1482,155147.1027612345
2763,227183.23830740084
503,250778.85654327995
1584,242645.74353474728
1531,160269.16907094314
2210,193637.34717030684
459,297714.7398089513
556,123762.20381928713
1347,152921.2066452232
1290,86931.9173943639
1388,116412.74721672607
1571,166618.0994189781
2754,209649.19818642945
765,134633.15523228783
2494,119662.54716263851
2870,191023.3977500475
7,234950.87377154944
1114,226228.45954132872
2418,299595.6581925375
291,192408.85092143784
18,297102.6492627801
39,301320.2052479568
1001,254403.97339380137
2442,265388.2916470908
616,123683.54180231097
2680,78865.22350124014
1414,108107.26679145114
289,139638.18205818476
40,251723.86674939003
860,116418.82366226322
409,148521.0354352604
673,133053.6187968772
2427,199811.05629284284
2036,220654.11107236752
2564,155131.61916514905
642,168528.63067461166
1008,201238.4792666661
1908,166107.9471646403
2519,218790.34874098888
1369,78152.78535761207
2855,197201.96878894744
712,84515.22342054185
1943,87801.69284670055
1958,142343.08765637572
107,191618.42177591845
2295,165576.21537266579
704,118359.63654156413
676,127447.61984835181
259,202400.29507086705
93,284267.287799926
106,265198.4865301978
2315,207287.69886162993
1050,113564.71208624181
1095,219402.0506366822
2709,123941.00782996253
758,191282.1701499503
1496,173763.73265688063
2370,161624.2697777485
2458,257436.8021906421
2733,108605.84915958205
161,291077.6123472089
726,149234.27870801894
845,214452.89978968306
947,277769.59368763166
2232,127458.2915515569
2563,168321.04113397305
2299,128433.44959372794
211,107284.04567119002
605,162237.3598074388
1478,231364.1938708881
2247,256439.00716597936
2274,152293.70475704898
2869,163580.44419348356
967,250395.0403736916
2656,71938.22114023054
667,240290.65656553954
1042,147326.60245639167
2023,171861.73119369498
2447,352200.5275166144
2055,140131.52809392055
2275,264331.87644980685
2204,173259.03657314228
1563,254701.5266572386
483,210540.75704055722
796,130563.34128978557
1526,160385.55801302043
2042,196301.7823889309
442,292786.5854696103
1693,310651.1994504975
1468,240460.08218841953
1430,183699.34138388757
2605,171602.51235923846
1529,207918.561982285
335,128171.9187501116
1287,130015.43160799018
31,126718.81769969256
1785,236443.17638513865
82,185924.1868227584
2620,117431.18162638391
252,206311.19750567782
721,54075.83740675764
2165,185653.91033391282
2316,191984.43128369516
775,118392.0113386343
1558,45678.04417225614
17,253746.07935746084
1022,224658.2387242841
925,117598.96706021402
438,260923.32732654596
1270,147292.500394632
1272,119873.53620617453
215,132135.76185188757
266,238969.46506268182
2402,271819.98257617303
1250,108977.0224871015
1984,86269.49583002552
1279,148806.647918424
377,279644.8951170766
1252,161630.7319137972
2156,278964.7817293899
499,310876.91724514356
1374,127053.30529459857
2898,274671.3822004311
401,87004.0645348687
2721,162622.36370306695
2078,225446.41636912595
2589,118313.26227113046
1946,230588.12436267105
1334,129531.9183826797
2781,220998.66310215858
431,333174.3338627529
576,219144.558588329
1474,232165.2299499081
2254,170661.8898244088
2155,282230.034769031
885,92127.15254105034
643,142387.98700295633
1944,104343.78299964615
480,226438.69848221587
2845,82444.03065823019
2387,301142.4726714541
2407,212917.81571984384
2527,171558.4228590026
2514,195244.27119059185
629,170161.36486015085
80,229008.994351794
1876,133058.99465955072
1546,138027.67466561205
2518,163698.7399833058
2347,158810.49903936684
783,148804.8643913475
1322,24192.810559291276
194,58069.367374267546
1770,271276.2054827702
2143,114807.4874059176
1229,220283.09833558742
511,259827.7798174515
46,214442.64275765768
1348,200306.98802481988
2465,224071.67843502713
387,265106.24125783914
873,212434.06292475457
1918,115994.47508335253
2764,265279.7739269957
2184,114603.12082849815
934,166863.43161574157
1920,119198.1436577721
2631,166802.90433470276
1768,462902.999573522
2040,80362.12792229699
1749,248642.3664015322
834,230203.24097989313
1457,259046.84513157792
79,138625.24080341344
2302,116403.20823819144
1817,122041.96093169716
2755,228441.4924808354
359,190660.1822164515
2059,113409.4929536474
2092,258579.80843607266
2516,250077.7020883914
150,115860.09319656354
1656,158019.90834341734
83,96523.9832776665
2411,184926.7001406476
795,78500.27469961077
2312,262627.65240809927
2917,99623.29670139682
1624,220330.18389179767
2215,314453.87832354265
1211,153322.90869122173
1485,155320.11623805657
1024,164046.4089334727
570,181304.66039328405
2874,142623.58912808844
700,165978.2918849195
2756,221429.5523175709
2022,197542.93651187327
583,241508.07968966756
2392,323382.34910068917
2424,215536.36191946012
212,116584.22502565349
736,119557.89043711161
1610,179767.59674303082
890,99369.48603944306
467,194067.46204472892
578,292006.7162573226
1747,197478.76012915233
1149,170453.65929245565
2758,216862.84275580687
857,117269.30408648879
2219,285815.204501156
733,117241.80243003916
2909,143246.60676167952
1798,276576.2512031214
235,89805.70318196586
2366,145093.88579553878
1027,139456.39743677492
1195,114534.40595419414
1303,-5106.273197861738
148,176716.5256206073
608,136061.68517075072
2515,229949.84921010258
821,255641.6637227279
2500,295391.0844407941
745,97929.08759990137
741,136410.09667342098
1611,135864.77562272002
2532,119568.60515305959
1081,217829.06760883145
1692,345167.1263940551
2520,207484.46383572882
276,158546.14047346346
1992,127577.41820542747
663,3884.7270052422537
418,167232.58528495778
1733,210562.01517880056
2359,155865.54831695464
253,206224.87959815701
1518,177900.57798611012
2035,154671.79792897846
2919,101064.71083406778
1540,233156.26226402982
2120,135179.69579751487
1674,183571.58015574212
256,150893.2822644239
2361,87491.34215379902
978,72568.07531035843
2280,156717.44737753412
2095,241477.87730571115
1709,305224.6183056545
2801,253882.98884551902
1246,105084.50216882385
2373,147870.02764804428
1055,252345.51400539535
2017,116735.69571356638
1099,285920.5248001474
1344,97289.85504197807
835,187674.11157308344
1117,218532.5613139437
2043,91804.76627440006
2085,130962.60426397482
410,183919.80034740164
2650,130414.79262140417
2867,176775.39787339373
1668,119145.62569071748
1161,206106.9354494135
2122,172479.4642361235
2539,128756.43984229327
1047,155812.92582874524
1445,120326.92735545419
541,145537.81979589874
569,209295.4738511867
1276,129311.77557253453
918,160950.97719557502
326,156455.68995311146
1936,109952.22878804058
895,81717.07458816224
257,132275.73671514855
1241,175637.12523830507
1545,120705.65701260476
1189,164202.71127095202
270,154949.70452322613
2066,195991.1621024802
693,104930.43007875897
1259,123632.6032802643
2916,142615.92198817502
2321,264149.5731146489
1977,98078.7124698942
1895,167443.0412968865
1240,158045.24080739066
85,126027.46411459555
1823,97973.28762463597
825,268200.38966867863
110,218669.5143612004
697,109858.58441809996
2297,110206.81557334447
1231,126080.70013514056
1355,136981.4317107728
968,293593.572673223
584,239757.18950525625
1315,120695.97698210191
1606,116304.50911918713
206,106417.49814231403
1685,293329.63299948256
2016,127308.39354093792
869,241230.40794051718
2135,117444.95571419084
2346,185437.4406458768
2430,222588.2154781269
2198,86726.42305251537
2652,111660.24450508715
27,87662.74594392825
241,179054.02432793134
906,121591.98279563
1506,107690.0038441642
2098,327585.1525750004
1435,212074.0127631044
2213,125595.4966545396
1274,156247.6552389363
743,13134.686151821283
1737,212997.77908096113
2797,287678.01062242966
2185,97589.41645367816
58,213929.71578212734
830,205250.8558023451
808,158052.5257787566
680,165601.61086674
1153,113407.796216427
1291,147399.38088564284
1818,187181.43829203607
2161,220851.34850172186
1883,120569.49781999737
350,309148.0095415937
2473,172561.74308770965
295,181616.36869271367
293,208434.96626214683
859,114437.07569108706
288,32807.53793346544
1578,163000.74772248243
102,192979.53341677994
2831,207082.1675103826
1030,176883.15250186773
2551,131355.45040091733
1286,120826.86609420797
958,281989.05652055354
776,119031.63406872412
72,192831.09105191403
2263,253684.15872151265
1866,151131.29944093875
2876,50815.04779679887
2146,286541.84417482885
103,212757.77951621334
1500,169326.20744127093
492,202577.82978655933
167,126732.41346546088
2597,103848.42178726196
2685,100783.06234493805
1035,150382.52898813656
1220,42026.6016633698
2602,155631.22199384775
2159,246272.46711199568
695,174218.39464794484
1109,253836.85747402627
640,166207.1845361645
1652,153662.6856196171
2090,203778.89541269862
1188,191760.4245441286
2345,252853.93273102795
1059,349768.3124587219
2751,244237.77373152738
128,199740.80253000674
1523,183060.59255570115
2925,130600.5167127226
2145,277181.3736705533
1121,240722.4534058494
566,311509.51086666854
565,229634.21621209732
1331,148524.90139006928
2928,130968.49435874168
156,118188.24578316452
797,153073.94714946218
327,101999.52181734086
2859,156287.55586328055
1453,108260.22388814494
1762,306722.6682224395
1868,211226.77151170792
1760,200733.18890357995
1113,252400.3920224628
1812,208339.18939823308
117,186645.93410282244
1142,201105.37918524607
2342,304194.0435153097
927,120719.58218138607
2478,211812.3595991647
655,50949.74161597353
2064,114350.19377101585
369,222907.92506280914
2239,123060.16423823847
2732,210083.08548320318
1653,165583.15769137465
959,234851.59939062572
2395,299538.1915443756
1412,115346.34183891478
271,256021.71397700743
1484,154455.04885394603
1497,120809.53617650468
552,205869.35870410828
2,110412.0563133388
1855,260226.67837950424
4,238899.74100229144
2292,154123.64586958569
134,128815.20809526846
646,88875.2461469787
42,285072.279365662
532,223638.90117138368
713,97429.74514077033
2561,124918.27079860354
2360,126353.03148421529
1333,119350.38920801773
1407,198794.9229287603
2892,274471.96430411935
574,258916.6305816332
1227,180486.0663191775
2591,222874.38523123902
1476,216492.35550048924
1125,276272.4851845063
1446,124854.41259463888
408,139806.5184477236
1101,287881.89501691377
2251,162186.46429813514
373,201362.78921118192
2554,112484.40729967924
2382,254248.8535614491
1985,68686.10940307309
519,238474.64184214617
1093,210058.45360209304
864,287403.65987572353
2889,151226.33194487612
2308,163125.68418830656
986,155326.4418037926
1302,139451.91320730385
585,173210.80027517944
2708,147553.69406717573
147,127927.55198743416
1441,219852.56228294317
383,177318.91163726302
285,146218.9726364693
181,110398.80770699435
358,186866.87524927186
780,179540.54214164556
258,228223.37609670754
1865,232624.17857030476
692,139860.8259703106
2902,278777.04472237034
508,261004.987424884
2638,150667.24957742612
36,178930.03578280855
611,171526.3146955158
2281,93459.68902314454
1678,163237.53864186956
1696,338550.81985998363
1557,68049.36095508968
2180,163442.64929348137
1726,237772.33064216073
951,146054.51142572088
267,252701.58292029914
2706,115735.08266918408
2221,191626.28348813532
1357,177247.7801898875
2901,276061.3543497445
347,224308.59493602975
2164,203298.3862720935
1586,292551.0956336928
360,171196.4476397218
1769,247718.08585158223
2617,196666.9480436868
1879,163238.0786339934
991,214626.8679298088
1535,127389.48988739715
1191,156911.224299278
1579,230145.17330978182
1882,139666.37448640564
1510,115470.37542216771
2196,193063.67784297187
1845,193448.6442506148
2336,350741.3998011153
942,107994.12979326106
861,107957.07140186557
2555,97709.94897284475
1392,136465.12899210013
2099,257988.4102759906
1543,155430.80117546476
948,259572.42645921768
1239,142406.0927582261
22,184893.13507039065
2796,228485.45015308494
2747,172958.91915251128
92,292244.2640219601
210,156204.1012491692
1858,221653.3982735956
2228,209390.01462176838
447,223742.30788002769
827,227351.303363787
1649,233680.02801543497
682,135544.10038603737
2698,126133.4206625747
494,213873.56820940482
214,116346.42492018
2441,271801.5136697842
2679,100123.0618604382
1336,95445.57408948021
465,218446.37997673568
1524,144641.24348789
2543,107547.9285360882
631,122958.59235881653
2452,301882.1508660589
228,174190.6148655162
126,160210.09921801824
1092,214503.3610890354
1122,214309.35632546805
932,193100.7039672949
1980,56024.67707067006
2171,90330.1982362303
551,179659.41967531724
2768,170216.29761791625
2056,112918.92612075922
1159,344855.96485446324
2645,117447.6263928148
1174,212404.6974333024
2266,226520.6366814205
2462,343627.27999387775
1219,123839.24311784084
2922,194722.27771689417
118,132828.22392331355
474,200214.87281573168
2576,165388.81227542576
872,265439.13689735136
1077,237547.77788201417
1536,143251.5489608572
1150,117262.84997917141
2341,267463.2998444969
1931,122429.29463565326
2785,119162.6647113841
2538,122137.30880657211
597,239222.42912956327
464,227867.1416308228
233,209078.73731165263
2169,116471.06848869193
2123,179473.6152760731
1867,163991.48113594833
137,246268.77025524364
515,244498.18336051423
933,154121.00771870592
2784,168315.13176110573
972,173679.82457982993
599,166991.96067783434
2614,134634.91273866245
2582,123694.34330811491
1409,162218.48595754977
175,77811.14011255943
352,242506.75335855992
976,72741.08878718049
2134,230942.79511457146
984,118214.34005262924
2396,300162.01878875145
1673,173597.06047681812
404,143122.15402559203
607,134960.1109965759
814,139603.43393634504
868,234027.14572410914
2271,191044.10290719476
1633,246869.06107310927
337,214348.17600587406
2765,153669.202496364
1746,223469.5170395577
368,281760.8629053703
2806,213242.4737249622
1662,203297.26653639576
1234,205364.85545307002
1373,133453.30921330384
1672,87547.48972652131
1939,108932.31471220357
