Id,SalePrice
2658,144154.26360845772
2718,157753.59910954867
2414,210478.83813564002
1989,107990.26636056336
625,177636.35331209053
333,93044.81784091837
1327,111771.47331977339
858,149524.2533245334
95,184601.05193721276
1568,164904.5582150963
2482,151923.10496553514
1364,121040.56381530463
2584,147997.5335362309
818,284439.7359742616
2673,149211.5262605659
2089,120650.8727003469
1297,167303.67829347844
790,118726.14072015282
2616,193965.704920947
720,172647.52181001648
222,150510.3559120859
557,126245.63069916847
1148,187310.96740767013
2766,169639.77335687607
534,173346.93439948966
1452,122306.42267144847
630,118362.84872000827
2648,111539.52657542641
125,158381.7313524368
1904,73163.17231051935
1670,111335.09934241367
756,90290.1496884757
717,229616.9897583522
1032,155483.2409611054
852,212533.9535721333
1731,181071.88699491753
2639,119908.17196774716
2071,96346.08269461035
1267,112079.92523489641
1851,190990.0125280751
567,160027.4694003624
2439,203024.3799714728
1898,151447.23448927328
647,145492.33036443905
2256,212452.7684394559
979,98756.9462121528
1444,217629.79252236616
2485,126611.8703614868
157,132821.88131204064
88,125533.78166694657
2003,106768.45862236284
186,199961.1953064664
1425,244897.8539689114
2695,122377.4434146787
738,103007.25367922291
395,156210.06796771445
1353,166411.72980756502
1878,137417.13268666854
390,160130.2796083356
1456,233502.2046377843
1103,323674.85098675743
1387,129127.78660848801
2070,144855.92147977196
1199,169371.13375781072
2479,172295.55453595176
501,306227.8130468087
2362,99590.16355726765
1718,195287.5994091793
2188,93329.24760171822
1483,155701.93062438362
2557,86008.24326742167
437,354262.088581059
2224,207922.55871169007
1628,161769.21399716628
397,140812.00083493756
587,194771.84886003786
2182,684368.5546755674
971,136092.39906826057
2611,127816.6037986919
1887,103328.24927609325
2399,372299.6421426892
2148,197200.7133570811
304,120515.45608200488
1997,131154.24491812862
2817,111486.1193354474
1431,203357.43989261676
427,365858.28892637364
263,125857.74559203297
598,172676.60729378634
2895,226457.39255512063
687,135391.29251532446
1822,135830.31060873112
2191,110511.63961510733
179,124210.01810897735
1009,200891.41017942602
2010,128201.29973350186
1991,136778.0568369017
1411,186425.0134802765
1721,223485.58356158243
1144,190211.22403708394
593,208781.3685475962
575,315333.32291465346
1249,171681.8005215182
1604,123646.29142745967
1064,499545.31316250993
1923,154828.64196383153
1988,116810.29989404671
2325,167300.13431427756
114,199529.04605485813
2700,182743.14365810354
217,136863.313535492
343,178905.57060238652
386,216820.39459271103
2005,120405.66491423226
2908,143359.80844331763
1814,237305.74150922513
2446,533464.0336875359
208,140184.39980008392
1679,109179.93841100248
822,345783.32730907726
6,192721.30758730767
1781,434423.74413530214
2397,288399.8336530892
2340,316338.9675101831
1618,172603.06768058374
2843,133074.65725999972
1061,379621.5399792816
2786,128751.57243515668
1935,137180.42539736425
1341,115963.77748216005
521,270840.8110109897
2136,133794.17448547838
996,203483.92563041847
227,143622.4879862349
135,183101.8174164231
1167,167732.26080899386
294,235812.4432271996
1776,206188.14298891308
540,157948.21443800943
1717,201105.97938460045
2303,133676.0462068783
116,181899.08869285663
127,130045.15781121768
1371,126891.49865370829
1014,159451.57688559295
1507,106344.8554412366
702,122029.2091474449
750,145496.01291838646
261,151336.15144559238
1559,68253.12728955504
577,221097.44993298798
2812,194517.33291993002
2080,157961.23085823673
1368,107425.14733181681
2376,124939.19236468009
659,113563.21544462492
1235,139307.85025549773
332,75533.57958366441
1917,142437.23054310924
2094,250548.18711131057
1460,275112.02169550664
1471,214829.83060289975
1509,125723.23240517205
1922,136802.11106392017
433,503719.9579724128
460,259648.94504150565
1116,235345.79111599352
1137,162914.04962399445
53,159378.31625693437
2354,264140.81522257696
1475,191543.4285186701
1761,591854.2384191407
842,143585.03570120575
2739,171786.89313770915
2509,150705.25661405057
1007,188103.64659810037
2610,183310.6311919392
1952,91501.37207686607
2719,163591.39760918956
2921,80398.7021649277
1966,150269.3941640711
292,106101.64005895231
1204,188816.43579793762
1829,250454.9494359034
2419,184254.5543137276
391,144225.67056902772
798,108913.76639349991
481,191423.71746750755
193,195360.63079851834
555,113421.38095801877
899,69507.07616026956
2357,179297.44032227102
328,130549.04576794009
1356,118073.36104710719
1154,108898.99046763217
1730,179957.04537186405
2249,161751.3273447154
1119,284269.1584640597
2856,140919.93390285288
1394,130943.60734184709
2587,117724.31491618819
61,337287.83840102237
2661,177237.37908453928
2711,130659.03453871315
1147,179928.93732981058
757,124500.10834582894
2623,101621.1806605444
2378,138582.55205921922
1413,134826.48155778588
1722,204821.93840949415
1112,223052.33166415768
1623,194809.0184034967
1201,193187.56652570007
1513,115799.49774866816
957,402401.2609115817
1171,264062.9038324734
1145,192215.26619379787
2726,233907.25831889646
703,145983.24254675978
760,95818.92920957886
1964,154539.88600864398
2512,171775.50512531813
159,140600.06013863286
1281,160807.37887514458
468,179429.8602658174
290,123580.94575343962
665,97842.91444936565
1463,262384.61002903787
1792,221196.9155181423
923,158689.23431645046
500,275476.6260005681
1408,187802.08356027983
331,82641.37457643186
170,115947.11062436257
2192,101215.95500734253
2571,305691.2925352608
2314,171914.50856521135
2647,90000.05727342423
422,423135.3944658033
2457,381496.22211248777
1838,204771.30609755495
2805,266065.71332280745
1645,146267.27526395483
1711,291623.91022106
2825,243723.11298727413
322,350346.9274423149
2103,260866.74990194163
342,117300.0730457867
600,127307.41854256895
488,178496.67042504836
1725,329223.09870281105
2246,295749.99173186003
2847,153051.93156610767
806,232577.3957125818
530,228845.52962309108
963,188065.27110191964
2678,96829.41988555226
171,90816.37107278276
2401,429563.7842075344
805,218993.6162037873
2259,237254.5159603738
1748,175976.81093826916
1361,134291.80642995218
1677,111952.48850870618
1406,155384.17374404476
2322,255258.3987599277
688,154513.34998883877
143,146833.0538847454
804,201392.82058690058
1214,174826.94804247934
2828,146124.98719546414
1999,175496.87828430676
2467,201599.20020772735
2665,153786.9418484337
1538,381431.35416413494
398,122631.51038455353
2822,144681.3248900432
2157,137050.43806652405
1856,185573.90644027066
1269,92419.35336172442
2570,117380.50554488585
2320,243615.39562044284
1517,138883.1648160164
2304,129142.17844627773
1312,96940.32958921674
2012,131683.39800568554
506,222375.1236133817
2865,214286.78813356927
2367,98626.00749744824
554,76224.17804260089
238,140781.39512967772
1954,109027.74793151951
2488,119917.4033661693
2291,72979.73925759853
1969,111843.84138328837
2725,168014.1024939655
1482,148171.8389294227
2763,199371.65276251172
503,248936.22595224006
1584,247069.68787656934
1531,146223.14901460477
2210,178213.63898099013
459,339512.883010302
556,133525.6979125477
1347,126319.36115665131
1290,72005.6048380143
1388,98964.53096249318
1571,304736.00662987377
2754,201941.04504056112
765,141499.75284761662
2494,133822.336938886
2870,229709.46498972864
7,214546.77761253112
1114,253693.8157286349
2418,280698.3461210839
291,134322.74256880963
18,362312.7301632167
39,377651.78732827085
1001,252000.4284297055
2442,226332.0115211874
616,107458.71343148191
2680,79364.50087384181
1414,126534.56986418026
289,149398.54552530608
40,252907.71964997507
860,125315.21097103384
409,132035.10734164773
673,159290.3987191132
2427,178464.11620230993
2036,210918.8431867486
2564,138446.93077481713
642,152535.28414970977
1008,175173.53945750892
1908,142852.53306097572
2519,205172.2738079083
1369,94620.16330085174
2855,173147.3991961089
712,100240.22278608309
1943,111939.97943338107
1958,112950.58170697528
107,157639.55445413748
2295,202697.2308165605
704,99826.16320797768
676,141152.97473773704
259,180475.37362916098
93,284528.12208217505
106,240363.69510179464
2315,175076.5784521301
1050,102644.64577838832
1095,201110.9783973347
2709,150004.7962752978
758,116271.92591935757
1496,155549.14904367444
2370,122629.08532821534
2458,287845.7223755152
2733,136149.9761028684
161,261181.34748231978
726,144078.35529086436
845,205356.88533624262
947,245083.74507105674
2232,108712.22425641776
2563,141967.85501102725
2299,147130.8806077729
211,78221.02616687349
605,152770.40683781408
1478,209790.9848498727
2247,293456.7132392473
2274,217029.89119016187
2869,212662.11240768636
967,209154.48280804203
2656,127755.06305041535
667,201311.74565925027
1042,114168.71743108235
2023,160452.62728179333
2447,403969.0981104978
2055,128174.13042390833
2275,299610.4617003349
2204,174111.86500396975
1563,296789.58412006026
483,199367.49971886762
796,128885.55118303453
1526,160617.99743869016
2042,125287.96511466982
442,352439.49024624855
1693,325792.21319288836
1468,217506.99795656707
1430,195721.3291303089
2605,145225.65219414688
1529,200745.91053455824
335,156089.45700788844
1287,123799.87982539987
31,102285.23773669868
1785,314003.89116681775
82,163841.0949681774
2620,127127.08911050697
252,179070.460489065
721,54262.054728608535
2165,183297.42096114537
2316,186799.5338375974
775,127611.14284699838
1558,89810.19261324976
17,214494.3533908369
1022,216573.8107405171
925,127045.75876880976
438,280759.90914873965
1270,130356.21254090665
1272,131222.71715414623
215,128240.11444983393
266,232373.7484709663
2402,280739.9505357996
1250,128756.38004337013
1984,112809.40531296833
1279,143358.24054740803
377,244066.61644386567
1252,113807.04658040237
2156,269025.1570369833
499,319780.3891295637
1374,127425.36887111083
2898,255101.7150422564
401,118375.72276787869
2721,130806.61330657292
2078,234431.6150207551
2589,123688.1185586144
1946,235272.8908436479
1334,117177.63248957923
2781,221310.73352213504
431,413339.2768845975
576,197821.38721180038
1474,207320.1663786933
2254,139628.55062003358
2155,279971.7085233775
885,101779.26546337157
643,145405.52970703677
1944,120562.16303223974
480,191832.34476678862
2845,103903.48205429931
2387,322471.04388230655
2407,198650.6418603497
2527,170808.87752139717
2514,145735.35167445938
629,149060.11601375038
80,209798.08906990066
1876,142858.67414017988
1546,125410.788186341
2518,171984.8770908527
2347,153612.97220474592
783,227433.24400480647
1322,49389.25000883025
194,89164.51355958644
1770,289823.15886466514
2143,145451.58526957754
1229,221786.65938324144
511,284744.4336988699
46,217159.5812001056
1348,153208.0100827559
2465,199796.95039663734
387,231293.42624886168
873,219576.22466567095
1918,122199.82863285842
2764,229600.82189196575
2184,133331.32031079967
934,134779.693838344
1920,137098.03424928174
2631,145136.34157716966
1768,632625.1242950404
2040,117103.04959039435
1749,212955.25805548934
834,242951.7172370502
1457,230386.2218410481
79,118387.52429467079
2302,134281.59217781632
1817,151921.48282631597
2755,235389.2585917635
359,172622.00168620946
2059,109101.61900998726
2092,236744.59606404704
2516,222154.58917704964
150,120635.48892171826
1656,145253.7080451342
83,94106.48752562181
2411,180580.1992335842
795,78138.10277391796
2312,226368.6255860388
2917,99159.76953778612
1624,173662.7650004893
2215,307648.20302263944
1211,155655.24306285268
1485,155069.30210234658
1024,170115.40186637064
570,192478.91145279456
2874,133595.60231371294
700,128439.78665849104
2756,211457.1158362237
2022,180139.81002365905
583,219540.90847642007
2392,376985.64218680427
2424,172173.75040438917
212,113678.6332564426
736,132059.14555699046
1610,168557.87634430366
890,121616.85971846961
467,173660.36532868815
578,212271.8380140104
1747,189568.6388112042
1149,152426.02875512425
2758,249048.4971212324
857,152278.29438037763
2219,264523.18527726363
733,98898.60276367294
2909,106351.79374337301
1798,272854.54271004326
235,127197.61420263973
2366,125704.1875185261
1027,131771.58595930497
1195,137541.91827477058
1303,64552.44035028048
148,186310.7070258581
608,159446.03820316133
2515,196350.86605419722
821,277152.1001422048
2500,260217.94338788022
745,106275.73684445395
741,123832.57362885217
1611,113506.84886131097
2532,122957.71667895286
1081,227819.99659602158
1692,468193.206339378
2520,178996.53063445332
276,103733.6584099096
1992,132480.55602622882
663,69112.2946899631
418,117849.49085134703
1733,191212.40698494285
2359,147927.04739622725
253,180200.77017124376
1518,179662.62095662882
2035,142303.0851946085
2919,78855.7974602814
1540,247666.1697479183
2120,152087.61588108024
1674,163115.3386553316
256,151341.76837499655
2361,109549.41806411001
978,69970.44653228275
2280,140888.83710436733
2095,221624.68041029054
1709,333843.84997674765
2801,247735.18638857102
1246,113099.93499909285
2373,98143.20555084317
1055,300623.69389071374
2017,120411.95848083559
1099,262010.5386565671
1344,84220.58830914673
835,201769.5652986207
1117,227213.36221851863
2043,89655.98302437445
2085,132222.6248375536
410,140875.41270041117
2650,108798.88126445856
2867,174861.2878135104
1668,115476.03297099238
1161,158175.42359225758
2122,169388.46174454878
2539,154076.81248352467
1047,128804.42382021801
1445,134500.32012340613
541,127141.5286364152
569,206493.21578367928
1276,106166.6741461572
918,157067.6311117629
326,167189.28851366785
1936,130003.55358820733
895,101476.94001152652
257,154953.2433699401
1241,185856.52513174445
1545,122550.5801428904
1189,163024.19998811453
270,142298.54278280903
2066,188820.09302229158
693,107052.16208977826
1259,144959.64301210106
2916,152761.56167254996
2321,292066.2528044936
1977,94144.01419185425
1895,141847.19908993365
1240,169740.67055914472
85,150650.4178507935
1823,127100.01202268558
825,283891.70245324995
110,226791.43428717367
697,121325.57254601718
2297,120585.10051663862
1231,140111.62762580992
1355,134869.92279054498
968,352199.8505180471
584,222095.73988640553
1315,126040.8054560605
1606,149936.8225804381
206,95631.3128499747
1685,373961.43117477023
2016,135717.4630583229
869,205006.35034772108
2135,123449.19168119156
2346,177217.23548214362
2430,222936.132658184
2198,87124.83783277209
2652,120915.7388253246
27,119191.20843556362
241,162393.13084325966
906,118747.17176225454
1506,125240.16239181269
2098,390914.63609378366
1435,226891.67071463008
2213,138169.7522842045
1274,128700.53577383321
743,45754.580859578884
1737,194868.8249625906
2797,273723.7005180169
2185,58232.59954920219
58,165842.76735260038
830,199376.98577890403
808,111059.46899681678
680,139467.85752270138
1153,105298.01420348283
1291,130682.25904461337
1818,147064.82587353993
2161,186505.3496219472
1883,103045.91477100644
350,352554.3296348224
2473,142352.29754746403
295,186037.18138639792
293,184709.36839229122
859,133477.27826443536
288,67952.9702540741
1578,145357.18611724058
102,186547.06813732738
2831,132073.61156642443
1030,156093.0122599926
2551,149145.4298495091
1286,149687.00100481644
958,332231.31396050914
776,131105.89264102155
72,237068.77334171865
2263,267983.42629191256
1866,147585.1343401542
2876,76162.99648550911
2146,252069.73633200285
103,169503.28120668232
1500,137875.05786814657
492,186140.38492102627
167,149557.77082619286
2597,121965.62608132749
2685,103233.11828088659
1035,156945.71899432072
1220,80554.86775522548
2602,155100.44013230395
2159,204852.62484707154
695,133583.72252307256
1109,258048.75257385633
640,183553.33888324772
1652,147505.22453800682
2090,180543.19212203543
1188,178512.668129465
2345,233967.95466325624
1059,416474.9848112622
2751,236285.33905863133
128,204544.0978030143
1523,171377.94876249653
2925,185856.96671103174
2145,298089.6572005875
1121,222949.83539774548
566,266888.9700920539
565,238483.1814919282
1331,136596.22952896787
2928,123256.10161974636
156,142866.89165259895
797,135413.6088070061
327,93033.79148842146
2859,143921.2469831881
1453,129394.40392000519
1762,344274.0179022307
1868,200272.54147925612
1760,177577.58194531087
1113,243945.7641992085
1812,189825.3229300038
117,153371.22778798864
1142,202799.63467924675
2342,411990.6495373036
927,154411.40625634437
2478,187670.31056698912
655,87066.48534142607
2064,125360.35360101523
369,262481.63453860325
2239,120762.20323122988
2732,218124.70164431137
1653,157202.91169587243
959,227770.68793792528
2395,346713.5334980898
1412,112263.51898397715
271,239433.13284570383
1484,153993.92422771253
1497,153255.81760890802
552,160984.76456205122
2,125966.7985904562
1855,298380.4105179648
4,275241.9437786552
2292,150075.08437825443
134,141526.28933240141
646,105479.42634094432
42,306736.8122927731
532,222477.7042609326
713,88843.31927895227
2561,135907.62312793004
2360,129669.0209674204
1333,124437.1048534533
1407,223978.602860443
2892,294634.2592032588
574,212692.10438967418
1227,177944.1201794181
2591,215025.15446662542
1476,210505.3907071829
1125,267907.7662090667
1446,146532.07254023384
408,123169.19891671631
1101,287056.1831496696
2251,189574.66916640452
373,173293.15542989786
2554,135287.29483481022
2382,258223.2545703617
1985,86591.28275396579
519,234800.1640449282
1093,191680.76366642065
864,247635.3420877233
2889,145016.59093172726
2308,196906.5591405974
986,161346.05633603927
1302,149696.65099218296
585,156735.15928142917
2708,149744.9559081979
147,138231.82838730907
1441,221391.4981192057
383,183495.79626229114
285,150488.23476718803
181,103426.28755196139
358,185214.61454911303
780,165800.27312069375
258,190963.24036546826
1865,225476.13114510902
692,115268.11897295137
2902,343751.5525912182
508,257023.37122359098
2638,147463.4729300845
36,142641.5515919808
611,174902.0586892447
2281,146557.74718760754
1678,124825.69780799586
1696,471723.86896206916
1557,78626.29184418377
2180,159769.43013393166
1726,210311.74040767262
951,140613.85106258746
267,222686.53529298806
2706,136808.28441211302
2221,243117.20940114983
1357,168805.07762461377
2901,318373.9603251599
347,167335.9677547178
2164,188469.39980893253
1586,307636.98660418985
360,149507.23172912555
1769,244823.48912154685
2617,140029.70382148767
1879,131054.95661403198
991,232998.81915363396
1535,123046.71291020543
1191,139285.35561174536
1579,206119.54251666687
1882,147139.96027674104
1510,136476.132323963
2196,147938.38429813428
1845,176713.7974182365
2336,403225.2345013226
942,89709.57899361051
861,128239.43500403664
2555,120849.77601547855
1392,160016.80836373
2099,260537.77486455865
1543,120849.25076947724
948,288753.5798755054
1239,178677.94893067953
22,179555.61718853895
2796,241119.53848064516
2747,182841.55775566946
92,287379.07582191896
210,168254.86423100173
1858,200352.2534640136
2228,155561.1125758724
447,222732.90282866242
827,240985.74041692668
1649,196372.6768477362
682,134937.57452563013
2698,107984.821967765
494,161700.14862295415
214,74412.49723220838
2441,241733.15165872994
2679,111939.62379690386
1336,116669.19225567716
465,174683.74896523013
1524,154897.65855407238
2543,113628.67258606199
631,145665.33518232207
2452,317133.704963377
228,145996.0102648535
126,177357.20469084295
1092,225258.29975680073
1122,215917.61360417708
932,215279.1816606701
1980,91001.4470402875
2171,116912.18759237317
551,167365.8581397152
2768,169721.60359590178
2056,111216.10384712882
1159,359786.0993633749
2645,118571.42634431906
1174,174042.32534837045
2266,210834.7257781858
2462,411172.38304227474
1219,146829.38214485536
2922,184120.07839469376
118,145173.4481418145
474,160546.86890174937
2576,149290.32980221824
872,286924.7127012278
1077,200780.07746940674
1536,154586.63090167975
1150,113801.95869839008
2341,328221.7368978176
1931,157815.38569139532
2785,132994.18389875474
2538,128895.1880545744
597,207540.17358388772
464,186690.4874305689
233,233272.12003657117
2169,141441.97384872244
2123,168895.78020251647
1867,174020.73576198457
137,257579.18262345775
515,242956.6593910905
933,111300.4527758359
2784,165514.51645175216
972,166799.32162983963
599,168563.4129661834
2614,124587.04537440221
2582,140239.75081880818
1409,167152.6343567985
175,102335.75993223752
352,220888.91048689428
976,98891.01438920615
2134,189786.98590217956
984,118688.59641854487
2396,358110.5585228351
1673,133128.2304422871
404,124330.48777602057
607,164887.28249330106
814,147099.11039683808
868,188025.5127283998
2271,191163.90236402096
1633,234544.94817366966
337,164124.34988459188
2765,180603.8616076658
1746,238109.7520236395
368,332667.30541021336
2806,204532.44670269842
1662,183955.8932281043
1234,215272.02801405094
1373,124781.14640226535
1672,115476.26862350092
1939,124149.69303624949
