Id,SalePrice
2658,137716.295957609
2718,150560.77608778604
2414,212667.37683004735
1989,107077.38353962686
625,172986.48429737202
333,85316.86235939847
1327,115455.03337409736
858,156850.42833949215
95,179603.27905280158
1568,161662.69704294566
2482,150131.1665682142
1364,120183.84910116784
2584,131559.84876527192
818,289036.7198646532
2673,152564.44451858048
2089,127641.9201256216
1297,174498.83645030463
790,118815.39463160124
2616,201169.6387453774
720,165299.76640690755
222,152062.6151604107
557,126306.52618097124
1148,189135.4566588371
2766,169606.82249137427
534,168966.9015645222
1452,124247.24211847356
630,114492.37556400719
2648,122399.20917346235
125,165832.07045758984
1904,82054.34962307758
1670,106669.04446428036
756,91842.67890718215
717,233757.39907456722
1032,151412.08202476698
852,206500.21014474815
1731,180510.0460135327
2639,108149.44427217828
2071,103725.04795859694
1267,110603.17890491188
1851,195396.41849660556
567,163489.3162703009
2439,201137.356498826
1898,149568.61642161722
647,158299.39726280497
2256,208002.05422940658
979,93179.81364778608
1444,215137.82829596772
2485,134466.84626331314
157,137056.35121700203
88,127356.83458938742
2003,106416.60103784502
186,203624.78531307625
1425,239414.36541827655
2695,130697.62461427203
738,112529.9262150936
395,156864.09055071254
1353,159801.61670864245
1878,135742.88795880438
390,155722.75395423913
1456,231969.8406790305
1103,326369.7249771616
1387,140190.7290164452
2070,141691.2557902485
1199,168798.11316282826
2479,170064.28531866937
501,327608.6030541853
2362,107021.62806221127
1718,203192.8354446001
2188,116544.78616554863
1483,158360.32080228397
2557,93984.48511856266
437,357430.8957316702
2224,217395.13732065452
1628,158697.12055843545
397,137583.2871154037
587,190766.70797340837
2182,692703.6529380158
971,125674.49818410474
2611,144229.3248703433
1887,100172.68630308448
2399,374460.7123036832
2148,190734.3031229405
304,121911.77277360727
1997,133072.2685716563
2817,99149.50888297305
1431,219914.7904758369
427,361866.3358158231
263,127015.45773897506
598,172920.89713864063
2895,212351.17522044107
687,137271.5943872095
1822,137362.67344320758
2191,114572.9208631832
179,123294.70658911695
1009,202077.7307380363
2010,144001.5292353868
1991,124516.66889778762
1411,186138.93760748956
1721,232081.9728783897
1144,193791.031393302
593,204644.7299148718
575,331438.17235359584
1249,173313.14606507265
1604,124313.10735522768
1064,515002.247079749
1923,154088.66850464078
1988,111011.32063267723
2325,169735.56561471274
114,194419.44638450496
2700,173538.91738989638
217,128704.36515942428
343,175469.6877761001
386,211029.79992762607
2005,126082.71532700263
2908,147039.19124112016
1814,219302.52924020533
2446,541282.2954884408
208,128228.13096429288
1679,104355.48270069133
822,338471.7786632534
6,196871.87697069487
1781,427683.14623520453
2397,292752.9766359541
2340,316360.08897233615
1618,178003.90815289386
2843,115676.28269822503
1061,372236.944854302
2786,124517.18379847857
1935,143587.06151091337
1341,113517.66498798443
521,263615.3032833012
2136,133975.14196376177
996,211505.6620045688
227,144708.65633830568
135,192061.639779378
1167,172009.14272284036
294,229443.453361165
1776,212045.53888420895
540,149901.6052923833
1717,203346.53683008588
2303,134660.15176315472
116,179185.09250026406
127,144928.06411362853
1371,133315.64676718035
1014,154128.45175243696
1507,107648.65950282032
702,121459.45282898411
750,147131.89520430128
261,147357.82688655294
1559,67176.42186764316
577,216719.49380530277
2812,193447.74137563544
2080,161872.69126043335
1368,108782.0220153719
2376,125588.62155927886
659,105182.68966371242
1235,138429.3664759486
332,75747.19601677111
1917,148498.38562960693
2094,255108.85695179203
1460,273086.32828350004
1471,221702.01628156757
1509,130315.97388704855
1922,136943.5059758885
433,515115.84358778805
460,259940.22420281376
1116,239180.38089863228
1137,158316.85360732023
53,160295.6977192546
2354,262220.5666840882
1475,191979.65315239393
1761,602634.5505656656
842,144644.91320310242
2739,185118.32839389076
2509,145667.40545447345
1007,184136.25833835485
2610,185405.11830392238
1952,100151.25167031663
2719,153696.2322936213
2921,74873.5968643152
1966,148102.354614229
292,113116.77776513397
1204,185863.41911354254
1829,266109.7926198971
2419,186055.19762797636
391,135665.91329093996
798,103461.58929424529
481,195021.5356369174
193,200417.28641021485
555,118324.34633766333
899,52879.666134310566
2357,177955.15430844738
328,131403.98549789132
1356,103939.91617544455
1154,107471.81113689922
1730,178370.96022932246
2249,166273.9920100742
1119,291620.67517540796
2856,146150.3231870762
1394,130850.71179154453
2587,111809.1395786289
61,339627.40009838296
2661,182900.71997795312
2711,132351.4492880496
1147,170060.43421224257
757,130363.95893136685
2623,120056.1026172828
2378,137792.47826787396
1413,146078.2474460337
1722,200616.05298424966
1112,228812.0291186228
1623,197823.46818736714
1201,193654.36646821036
1513,117380.07605079797
957,390101.69233810226
1171,263816.54091618885
1145,192373.06512763337
2726,229459.62816410133
703,140649.1002832569
760,104043.69593489138
1964,151323.85173235263
2512,169271.79644536853
159,143590.25651480578
1281,152198.00423565248
468,182949.60474341892
290,123785.01557083336
665,87476.11206112466
1463,254541.08186229016
1792,230148.7709676337
923,170449.05620113632
500,281491.08960227267
1408,185417.83989623658
331,93587.54815405623
170,118255.12086963265
2192,102644.43559530405
2571,320971.7635304029
2314,175750.93514603388
2647,83825.09776260807
422,446123.448642283
2457,379623.2398730726
1838,203133.43209300467
2805,257168.84147729614
1645,152232.78024660837
1711,297903.1397480826
2825,240951.65940698626
322,355781.5338790767
2103,255796.1060506939
342,118487.84799174506
600,139324.7249924185
488,170551.53265376406
1725,324727.52184919466
2246,297433.7432123765
2847,152653.40622992866
806,228741.8507365467
530,228945.31117389622
963,187775.3993739973
2678,109749.56095838043
171,91137.03021276262
2401,437794.834384602
805,215539.93194403977
2259,246344.8947209915
1748,179645.5507905453
1361,145287.83701499226
1677,110100.99240846673
1406,152944.89771141077
2322,254943.56995867915
688,153181.1250061728
143,140075.11141384573
804,201635.41957218875
1214,192251.13088403974
2828,137730.2571077664
1999,189544.08488692952
2467,206210.27323794618
2665,156019.75685300288
1538,402539.75171832484
398,123632.49484052719
2822,145030.2530620238
2157,139145.47345545745
1856,196265.61462574577
1269,102593.31614453402
2570,117251.51727663289
2320,240008.47305014406
1517,143264.28673950167
2304,135919.05717866216
1312,98676.8442510429
2012,131154.90388755887
506,234517.85423293975
2865,219059.90212421503
2367,96459.96848207121
554,89778.25126015116
238,129771.87639739327
1954,106406.5915328261
2488,118615.57228968585
2291,74261.70914313704
1969,121090.54083204096
2725,174938.83203635688
1482,148507.46484619222
2763,196418.36598996614
503,252296.14835078304
1584,243633.22726507072
1531,149163.49671334896
2210,176193.66938736854
459,337958.30737632397
556,134925.6481697737
1347,117212.45898983075
1290,74981.26745503026
1388,105762.28976017554
1571,304158.11893354513
2754,195233.95625611773
765,140411.6361443618
2494,136859.3820677051
2870,234956.5349789575
7,221155.20630512486
1114,253798.75972737547
2418,275749.86785303993
291,129262.16929477984
18,357721.92345213634
39,383091.11157744145
1001,253792.16682077773
2442,224744.50417905615
616,129063.45032901179
2680,88516.53607158182
1414,122404.18429416357
289,162469.25040412613
40,248818.1455519881
860,118437.9225545955
409,140017.89794821976
673,148455.5075897136
2427,178412.42720581352
2036,206726.04596997003
2564,141999.91142149357
642,140282.66718532785
1008,176080.93467512555
1908,138396.195851341
2519,201609.2058455459
1369,73459.88041360592
2855,175485.308305037
712,106095.80871500426
1943,111180.1577271489
1958,113325.51256330722
107,150581.2800609793
2295,193527.832368108
704,104114.98852874951
676,152730.75288642908
259,178579.94217253817
93,283552.12809390685
106,241847.7813083905
2315,179104.87293857793
1050,91875.5769957845
1095,197668.94485947082
2709,150519.2035283169
758,115994.3315374224
1496,155729.3449347712
2370,115561.98326108644
2458,287885.8919677305
2733,131180.59331946273
161,244388.8943183798
726,150418.6256598783
845,201246.1572527997
947,237352.40391389842
2232,102671.65345680997
2563,140398.6433351746
2299,135386.41393381517
211,97667.89359727179
605,151053.75081835536
1478,195970.62239031144
2247,298807.9337464636
2274,221301.43505370765
2869,211512.8976484866
967,213593.85865464393
2656,128448.11146747394
667,202144.3735596533
1042,107878.70285612321
2023,161252.87827967943
2447,406892.3192858043
2055,149299.90611199514
2275,300482.0862858429
2204,173587.3995885605
1563,291917.8696823819
483,201826.00791612233
796,127338.32595853576
1526,162808.31893979767
2042,128215.04757277998
442,352044.0889887647
1693,322798.5852291732
1468,214004.24963844492
1430,199301.91845953013
2605,123159.52389856093
1529,200022.35472052085
335,148778.26184129494
1287,124573.99650348286
31,96190.22301713444
1785,337678.21604259557
82,162021.73977826576
2620,125001.46709454333
252,179952.52882094734
721,68729.96728221461
2165,185549.55796280364
2316,193323.08292645565
775,139679.9038294261
1558,64184.29269483109
17,227454.8037554275
1022,215610.12155906353
925,137074.39837592794
438,276910.22341173625
1270,127133.11888459974
1272,137217.22488706216
215,125661.07165656232
266,229355.61217159568
2402,277823.1438534665
1250,124543.52357990452
1984,118098.17167883912
1279,149385.64067503705
377,243165.5974582021
1252,95980.6872546786
2156,265228.14301030093
499,329907.8562559601
1374,132622.5515714496
2898,269694.0311027774
401,113950.00557935177
2721,138021.55441155002
2078,240943.39071010277
2589,127751.29540310243
1946,236091.74586193997
1334,118072.90524348234
2781,214450.0290672506
431,404271.9984399207
576,192115.7692833158
1474,206571.2708462968
2254,142735.60751312194
2155,277257.6888598486
885,104444.2067767851
643,146996.71741202968
1944,130252.30572472564
480,192805.54676612196
2845,94458.54643600197
2387,319604.38331360917
2407,202143.98138009183
2527,168663.13587963846
2514,142526.5112660881
629,139100.11859183683
80,206805.6466880324
1876,138540.90468457976
1546,126172.9666819151
2518,175838.00510851864
2347,145122.45629726627
783,228931.92126692354
1322,43512.127640410356
194,85031.10508579916
1770,293888.2099988447
2143,161958.71717990024
1229,231085.08581609058
511,288033.9886740559
46,218625.3613551316
1348,160284.69882793623
2465,204291.06636177728
387,230730.66179722018
873,216058.40200303815
1918,136563.09971671153
2764,225520.60683003222
2184,132138.42441528503
934,129201.39345840478
1920,129394.66456485634
2631,148064.35756581678
1768,661484.7355694266
2040,113690.59173992518
1749,211879.4763819189
834,253132.17960137327
1457,225684.3875415379
79,118167.65108217066
2302,131118.87615197984
1817,156837.456973001
2755,230046.67590222112
359,178831.02080086255
2059,105261.94919279387
2092,235705.21693274454
2516,216250.3236945972
150,118885.60366873728
1656,129631.96563557739
83,92133.62627391692
2411,176507.53554208294
795,83689.47981710098
2312,223280.3509476595
2917,105558.40399578713
1624,169265.0566320314
2215,310392.59126418544
1211,148519.84510693158
1485,159590.61542718715
1024,171007.78463999034
570,197233.94180037238
2874,137700.74615192553
700,110207.19585250977
2756,207508.78921677326
2022,187729.3486838018
583,223818.0884336941
2392,376942.88255949493
2424,171019.5449733937
212,109124.95978527353
736,133702.84968168108
1610,166562.6913891363
890,120246.18277785424
467,179427.4297414396
578,215902.48500845686
1747,194967.9253212182
1149,151374.7961978251
2758,252126.8431303842
857,152985.62547938016
2219,264359.05250525294
733,87630.06162096519
2909,98103.54661542989
1798,270424.33324465697
235,121519.63439679485
2366,115557.4628553191
1027,136879.65323336556
1195,137652.5006210899
1303,74396.86464611802
148,188290.54520703503
608,164275.72434023884
2515,197474.23481824313
821,280005.3712461438
2500,262532.8188959799
745,110214.66791956848
741,124467.6654682259
1611,98007.90336101686
2532,128943.64771382688
1081,226639.9077817825
1692,466847.151038726
2520,175587.9001983715
276,108630.45326254058
1992,129647.97978803323
663,81700.930013346
418,128737.12269235973
1733,202095.07524878022
2359,149729.9211219431
253,179113.22834821756
1518,172032.63870491151
2035,138059.2391663446
2919,77080.64963937264
1540,255241.43748922503
2120,148475.15938060192
1674,166315.28772722016
256,153932.34218370172
2361,125803.36528534762
978,70377.52490638512
2280,144605.56025995605
2095,224494.3430272534
1709,334815.7021737668
2801,248299.81284545653
1246,118146.34692728036
2373,89930.05396189056
1055,295554.23759666976
2017,126280.15183311838
1099,283079.04628099664
1344,90901.20093902538
835,198008.9757840486
1117,234815.7457535205
2043,88303.09998208014
2085,140964.56009288982
410,138749.34554136454
2650,110068.14405741676
2867,185387.58062235054
1668,115398.72029772284
1161,155495.4179618843
2122,164342.39100883825
2539,152693.1512753031
1047,139892.56836519233
1445,134335.53905858396
541,125365.20659445689
569,219388.81952558053
1276,119363.90134588927
918,158405.69341449346
326,160420.24818403262
1936,128752.83779542496
895,102421.54915801276
257,170367.6963479138
1241,179719.07945676058
1545,116846.65469344193
1189,163544.593901823
270,146110.63409782227
2066,173204.64040085403
693,112541.1045315223
1259,133659.17753459082
2916,146789.9829507507
2321,297868.5900553074
1977,79510.89545307551
1895,132615.43482716545
1240,172300.84785835407
85,156091.9966663603
1823,130538.653371787
825,287056.37302634754
110,230770.3554091833
697,119441.09288699253
2297,124015.55618855354
1231,141358.73319806045
1355,134263.48322568275
968,352123.68206164776
584,224430.72658913722
1315,132167.0003389056
1606,141694.5369263945
206,91223.57357922185
1685,366922.784029437
2016,143422.42067332385
869,200560.88272737002
2135,119729.04744853251
2346,170807.31751267472
2430,222715.1315488353
2198,93339.8935917955
2652,122277.8279621209
27,121703.08201005158
241,160637.2463760845
906,123765.7644752472
1506,131799.23823148262
2098,389618.42240929336
1435,224868.88321736924
2213,158562.44023603323
1274,135513.9262698705
743,28798.183094109147
1737,193763.4283696645
2797,271654.9454300647
2185,72134.12595779938
58,169215.77182488405
830,200519.5404556024
808,108996.27616775432
680,145472.78121916408
1153,107701.21165923387
1291,132732.79859183595
1818,140504.41577233237
2161,185813.39604983325
1883,121654.697818869
350,356355.3835612689
2473,143742.5986819174
295,190465.6883475004
293,186354.82930377466
859,133606.49060559095
288,66876.0438767738
1578,158111.92411894636
102,202165.38023427041
2831,125688.2688198612
1030,155153.54158781166
2551,149727.88659756433
1286,152835.13572020995
958,322786.00777205813
776,144366.17907732038
72,254692.90432131902
2263,261393.20251566524
1866,158460.30551709523
2876,76147.44718574065
2146,240607.02270720643
103,172948.76892262252
1500,128005.58173382547
492,178555.79471212538
167,154749.0127707498
2597,119297.41413472246
2685,116045.27698183146
1035,150555.84362455527
1220,90248.7126152943
2602,157443.501403289
2159,202706.6391932419
695,127800.47930034157
1109,259952.86357104155
640,183917.46996642777
1652,139691.20912636147
2090,188291.72762241645
1188,165566.39678471896
2345,244350.11394843512
1059,414256.9555859708
2751,234342.13023754748
128,211721.99675393978
1523,191079.49646565068
2925,184436.68516721088
2145,300466.5074750979
1121,221254.1198522345
566,260600.1061815269
565,239745.96858356256
1331,136239.62415242926
2928,132941.44622667966
156,143571.84596756718
797,140404.60873569222
327,91088.15229877207
2859,150152.33015246215
1453,127230.504155501
1762,352432.75190147234
1868,203602.31214770654
1760,183409.7143275672
1113,232976.17717786238
1812,193374.2907129829
117,154133.5484219645
1142,191815.90282523382
2342,418546.0264532842
927,148385.88955150623
2478,184725.43750584556
655,94271.04502813534
2064,120678.5714847828
369,270487.595099677
2239,117345.35837624193
2732,216520.41862618804
1653,148746.68483935593
959,231339.9524566741
2395,349085.1588262933
1412,112967.20152166279
271,247178.1906042606
1484,148782.82938436794
1497,161398.72903481798
552,151167.71136917992
2,115546.44568134661
1855,307458.3975525303
4,270782.0821360974
2292,148733.49905023922
134,139921.88004795718
646,92413.4853431489
42,307016.948765596
532,224621.00562475747
713,96130.7229203181
2561,139553.03726734334
2360,135880.92534818358
1333,128105.94266848182
1407,242301.62255196448
2892,299233.71366591554
574,207281.3870009653
1227,173375.40087335362
2591,199617.7032944028
1476,211185.692024267
1125,264938.72287080064
1446,146564.31407351463
408,120685.79885762952
1101,284595.9066694517
2251,191559.64252564445
373,172107.81856575617
2554,131918.0306778683
2382,252313.2838363736
1985,86819.46104992778
519,233900.96553864513
1093,195280.16584609612
864,240598.0334354074
2889,136524.60398534028
2308,188495.32331371537
986,196310.5418087593
1302,143927.02279093873
585,150698.6044853045
2708,150262.89477279322
147,136107.70779533486
1441,219195.23127768273
383,194295.12300164634
285,146382.06485153578
181,105017.79168817241
358,191960.74558825116
780,170854.68944040954
258,189238.36230805505
1865,231595.1832331419
692,104577.57014786592
2902,340640.11857193965
508,265205.7317654171
2638,154355.53124655373
36,141772.44520493757
611,165632.93448728163
2281,161782.72371594733
1678,126050.6048562148
1696,474743.24865631363
1557,82449.26735575421
2180,167961.5127518288
1726,209189.13747427793
951,145842.01238519084
267,219787.51700959378
2706,132334.60922211272
2221,251149.23214193207
1357,179775.4366156301
2901,319534.1648524044
347,168147.39553781447
2164,181259.0750902034
1586,308436.5368728967
360,143853.9075420553
1769,255121.93903521996
2617,158867.31801577762
1879,120625.81347570503
991,238785.59192452306
1535,134947.6222765604
1191,127203.89576536481
1579,207833.34230831818
1882,139626.17412850424
1510,140020.58914405946
2196,139639.4073817178
1845,183378.76691101375
2336,403383.84392800636
942,84657.40605853114
861,128643.66713298386
2555,133820.40703136264
1392,161970.0119203567
2099,257077.5817739506
1543,113551.01576305092
948,288178.87536684645
1239,180353.71367049284
22,179620.97377176737
2796,243444.5601698
2747,176810.99361506774
92,287966.7080960212
210,165530.20017628837
1858,190795.59465049143
2228,157232.20344692154
447,223728.5426894718
827,239348.59918942256
1649,189302.6931184354
682,142952.75074592113
2698,101425.94731595449
494,167262.1238840372
214,75480.57267781274
2441,239220.1458832686
2679,106934.96497535727
1336,120232.59137319351
465,168812.6011595604
1524,156882.40044149084
2543,106756.32982951391
631,144473.9848614416
2452,316380.9502928046
228,164121.70618361272
126,183309.45268036335
1092,230393.98672025514
1122,222887.12858494098
932,231198.33562763722
1980,75540.8368581083
2171,113684.12987300064
551,161047.4415933083
2768,168692.7216784581
2056,113143.77117347924
1159,361645.7220149677
2645,110156.05623911276
1174,169750.39068536836
2266,203419.01860319325
2462,417397.37156398734
1219,143140.380331422
2922,182327.08126534437
118,144486.15469121898
474,157293.0782675342
2576,146480.35372026588
872,284244.9046026283
1077,199233.862268504
1536,146721.64443158475
1150,107436.2185177569
2341,332149.1488613357
1931,159913.09038789864
2785,134992.55194827548
2538,130503.73416057834
597,211844.48496361182
464,185342.56929668924
233,205786.84458176768
2169,134024.63327428862
2123,174186.53554310405
1867,169437.26808337186
137,263657.3919992056
515,249849.24563993287
933,105628.05761008071
2784,169936.9883906599
972,169067.89231917122
599,174794.1807298906
2614,120536.61504123177
2582,144246.2023555914
1409,159713.25700183198
175,109387.66420317731
352,226769.57032269708
976,87993.40558544094
2134,187595.5291239718
984,124519.7536414687
2396,355969.71028751007
1673,136097.99938506406
404,119081.18424117721
607,165731.4573274603
814,142122.4953410799
868,178760.74346600575
2271,189310.92596011938
1633,233856.36632545327
337,132419.91835323078
2765,190722.75589710678
1746,237413.70456735545
368,338681.63846003613
2806,204366.3952620449
1662,190143.77649186476
1234,211315.6212540379
1373,120913.08222295808
1672,118564.74081709971
1939,120167.33641923967
