Id,SalePrice
2658,140290.96619357125
2718,163538.27046881348
2414,213509.95724902552
1989,112717.82155785765
625,178992.47302933972
333,97307.9589089503
1327,112353.44736044976
858,146866.92025092145
95,184282.50235239725
1568,164569.63354308682
2482,153785.18297825786
1364,125095.8731020623
2584,148842.19651252372
818,270720.53605457407
2673,153579.91400492276
2089,131091.74952051206
1297,160558.15651805664
790,121162.80086783152
2616,191437.2469364141
720,185200.3442538306
222,150544.26324166177
557,131810.1852061001
1148,187864.77168228425
2766,163588.96739033668
534,171219.93755434558
1452,120318.8269864838
630,121493.8368912272
2648,112271.09488320549
125,156131.7465923291
1904,67093.66752731035
1670,112813.28422567263
756,98327.3734502316
717,198297.16652822332
1032,160722.4670221256
852,213355.78068594163
1731,175324.31281224464
2639,119398.94499066533
2071,94890.85064322266
1267,115880.05216948196
1851,181991.84208445152
567,154529.13015104042
2439,204608.8087306689
1898,149125.74940054555
647,152748.15607783245
2256,212862.23106244294
979,95775.35176428195
1444,219828.21299687403
2485,124633.4440035253
157,132962.46801973754
88,126769.3555606702
2003,106904.5466942547
186,196264.21750328393
1425,240655.37827725915
2695,122343.09983446689
738,106135.58605134148
395,154880.54463617384
1353,168056.48958594078
1878,134057.48018136027
390,163512.10897025274
1456,233104.47118166863
1103,311482.7265143307
1387,134986.77907781367
2070,147596.52082011758
1199,170209.93917509192
2479,173266.5290936943
501,298847.73589933134
2362,95148.01426255755
1718,193655.5510053777
2188,89131.95415192825
1483,151817.18815094203
2557,88586.27586606018
437,370558.98214581655
2224,201303.28422610278
1628,167369.8525691845
397,140167.38426685138
587,196056.60042399654
2182,760180.6296413377
971,137785.22007112735
2611,136383.89971269883
1887,100303.27912957894
2399,362139.6622049889
2148,199830.53648456902
304,119431.58879606749
1997,130161.38261061886
2817,115965.06557835688
1431,197113.6915446282
427,345559.79221209814
263,126131.49578219652
598,176067.66899707096
2895,225408.63477465685
687,136129.30441198865
1822,135496.97329908522
2191,108049.39442730797
179,126291.95299606251
1009,197497.35329784802
2010,126909.73033814233
1991,136073.8018659883
1411,190812.96429659688
1721,221051.54487104347
1144,190219.3461309936
593,216459.68764024647
575,312889.7064868382
1249,172754.2703215616
1604,127773.09198685775
1064,522632.02197645616
1923,157110.81152345412
1988,113743.07734470278
2325,167975.07049043485
114,195582.25935047283
2700,176894.0399144028
217,138235.33921749267
343,179615.06898194258
386,224998.45684858068
2005,117573.0945610032
2908,137770.94304133835
1814,240223.00619541307
2446,551521.8974618501
208,137536.16965785064
1679,109266.11770286912
822,338328.3560716454
6,196830.81864307856
1781,422348.1090351894
2397,284896.1896490414
2340,304411.0760713313
1618,171021.66532341138
2843,126919.43816358084
1061,368491.127345194
2786,126417.64704433142
1935,136952.23336156423
1341,117565.41372475523
521,261837.3663845926
2136,133920.9333848055
996,202082.27948665005
227,144934.0983159065
135,178266.27117190513
1167,164166.95063143902
294,237647.68472679082
1776,202796.01500605463
540,158182.11581090646
1717,197416.3463675951
2303,133186.58403176948
116,183925.92744169343
127,131161.88341770132
1371,128659.62734100733
1014,155053.15363767973
1507,100332.38859930064
702,118855.61114539095
750,142551.80380201925
261,155940.2958294428
1559,73568.9457364981
577,219434.2446523846
2812,195909.3961996184
2080,162243.0305237458
1368,107496.56719504338
2376,123747.36196918061
659,112580.07092961401
1235,138889.62954145175
332,76290.29319590512
1917,142324.06454537762
2094,243838.25044003362
1460,259042.93467781838
1471,217824.5458237632
1509,125538.23199126932
1922,137143.1913299617
433,526297.4789069804
460,251267.1407222233
1116,246103.1998112073
1137,165413.18210142155
53,161026.73816609956
2354,261795.6461130568
1475,195038.69218670542
1761,632174.2999263222
842,143983.52263837127
2739,173367.87328951454
2509,147542.1387081503
1007,202503.0555047912
2610,181521.0770198399
1952,86821.54696449597
2719,168943.79745948952
2921,87686.03306288502
1966,145868.87437388056
292,108016.3763962237
1204,191085.2202153253
1829,251760.2579204397
2419,186226.75592381417
391,148574.78735822416
798,109650.10272379714
481,198710.3898473057
193,199180.75956037658
555,117141.02579817023
899,74175.07367047333
2357,182811.54138378962
328,135790.86162391113
1356,118201.97634687676
1154,108238.05731017793
1730,176116.25478072674
2249,157331.3086650803
1119,286881.8616880675
2856,138168.63135451495
1394,127345.80997409229
2587,116541.79909511794
61,321110.43224264926
2661,176885.03643413127
2711,131329.95718644778
1147,179772.22151930875
757,130308.54531559921
2623,95285.42309580091
2378,137575.55871093064
1413,137509.83939671743
1722,207182.78195396264
1112,215642.3216185388
1623,193358.07171276215
1201,191305.19855161165
1513,115575.84310159372
957,407480.2367628189
1171,263834.6867843366
1145,192774.56960522872
2726,232315.6055549755
703,143149.83669969617
760,95561.30657555992
1964,149104.74595909013
2512,174574.12645521894
159,147093.5205744866
1281,161584.242047414
468,175890.8012619695
290,125726.982752038
665,102817.30343197775
1463,259905.1603375128
1792,225959.49260837358
923,157402.5119059151
500,264068.556748702
1408,189572.62095518035
331,83058.345412706
170,112021.70277866855
2192,102703.19397902343
2571,288458.6347701085
2314,171423.23431825393
2647,93753.65942980372
422,437154.6687711576
2457,366293.44284634327
1838,199455.28192493264
2805,267510.73384093755
1645,150797.29936474538
1711,293638.964763443
2825,244962.0661162742
322,347360.11340995523
2103,257458.06809428966
342,121135.56552726823
600,126142.58689260668
488,178221.81845526578
1725,320619.787560852
2246,291115.87804294506
2847,158682.63044374093
806,244923.36656837887
530,231741.10135412298
963,187141.03096955683
2678,94940.14070401364
171,88061.35561801156
2401,456336.7501587721
805,223424.4754082819
2259,241391.41176088754
1748,177742.87838568055
1361,129892.57989072824
1677,112800.66796460119
1406,162119.04077008812
2322,254086.60612851716
688,149747.4510586282
143,147029.6445357878
804,204692.76657627884
1214,166505.77587032778
2828,147401.59777760762
1999,182557.1480436531
2467,200598.26509860277
2665,153078.15443345968
1538,370404.1989276571
398,124143.32210823012
2822,147032.95723670497
2157,143605.19964301755
1856,185826.63419680073
1269,92003.4311378208
2570,117739.75645540384
2320,236316.1742406886
1517,133841.08898953313
2304,115880.88488007234
1312,98013.05016913665
2012,133594.17788107588
506,231654.82464942857
2865,212721.29447435722
2367,102362.1689711436
554,80846.67845361643
238,142515.38207699376
1954,112300.62866016451
2488,123450.33190197313
2291,79494.92473073179
1969,102988.70030453868
2725,167049.78014214846
1482,148485.38758413738
2763,196452.24764471152
503,247910.4057735546
1584,242936.42836324565
1531,144666.9360089796
2210,173057.39374360567
459,339380.84561800543
556,134381.16540644446
1347,130610.92995083373
1290,76417.67579100133
1388,98230.95460214387
1571,296961.90677058283
2754,197195.9659004298
765,144406.89617925754
2494,132952.59732625278
2870,232218.62722660048
7,204032.80489982758
1114,248713.85970979067
2418,283107.9926327935
291,112392.89406011163
18,346635.4647691202
39,384966.0405577321
1001,245172.15966648527
2442,227862.90556600172
616,109002.43761797968
2680,70588.85388423673
1414,126357.33241533974
289,145111.81310754275
40,245370.76811986254
860,127789.58375752572
409,137583.4326510982
673,155177.02110805453
2427,171447.7981107586
2036,210337.9478857927
2564,134797.5914525677
642,155970.6272090673
1008,177457.94458423057
1908,136560.6811679344
2519,196175.94761160135
1369,102153.05278089586
2855,173218.46861741148
712,99617.03098143649
1943,112333.44897580019
1958,123344.15488038363
107,145648.71676914708
2295,203208.4403246785
704,94402.76442673056
676,139508.02855728494
259,184138.18272584092
93,280756.15782654675
106,246725.11834359294
2315,170586.22218178897
1050,109666.31155295922
1095,202204.99082070397
2709,150727.2346779616
758,119583.60727523682
1496,156357.5809774167
2370,121636.44535748464
2458,293190.7255943905
2733,141976.6360494953
161,256175.4688739042
726,147107.76278599165
845,205827.3828521628
947,239757.42583149532
2232,106280.85704139684
2563,147932.62545674754
2299,147644.07740692282
211,76933.8415558192
605,149877.67323877863
1478,195802.45109067907
2247,286945.21751954034
2274,208766.36921141035
2869,209819.45374956113
967,211642.30333227746
2656,129332.76616087195
667,182617.82961877948
1042,116029.16941232319
2023,160833.20155967676
2447,413236.050122993
2055,119216.94208204196
2275,297440.37472977955
2204,167568.4724331526
1563,287732.798639377
483,202130.71584421158
796,131289.4249314889
1526,161040.42860793264
2042,127311.46591535186
442,344644.60651347623
1693,338328.19798086374
1468,223428.0309179126
1430,196118.13078619374
2605,140080.2355103944
1529,199118.69318021616
335,155063.10772319685
1287,128370.62166813995
31,102945.84715133061
1785,313072.8979816594
82,162811.99703068397
2620,125524.28895079551
252,180172.8976785213
721,62586.738956716086
2165,182725.7540436788
2316,184953.6923052639
775,125649.075894002
1558,104243.9382178471
17,213349.07213112418
1022,217828.730088396
925,124088.0925696561
438,272401.38844864996
1270,131039.38721834104
1272,126044.65774797142
215,131291.8782062415
266,232279.68878489718
2402,272230.826877904
1250,131140.0142855464
1984,121678.35288345338
1279,138732.74542262824
377,236581.6046726992
1252,118316.26231632114
2156,270098.1197475364
499,321831.95147985953
1374,126159.52258242347
2898,246952.95283370416
401,121522.13744967814
2721,140990.21828101669
2078,236892.4754672566
2589,123968.5120088965
1946,193791.74037651936
1334,120093.19048611846
2781,218837.05024222814
431,406565.8607537728
576,191211.7640988132
1474,210604.79502760406
2254,133137.94153917168
2155,278372.4265386757
885,103984.99214096811
643,139566.45510737112
1944,121665.70139335477
480,194986.8043099654
2845,102619.57884313562
2387,320319.612232556
2407,198655.81737400443
2527,167932.32061937544
2514,147145.18709944136
629,148658.03675970153
80,205165.02810969297
1876,142880.5364187858
1546,124092.14867414124
2518,169863.1601599126
2347,158446.55485655658
783,227234.01640606625
1322,58216.16660892623
194,90976.1241121194
1770,283846.0212968762
2143,138208.5479067524
1229,220249.37650349678
511,285348.3123425861
46,216941.04845493718
1348,153800.34597493082
2465,198567.4405800453
387,240453.73797515436
873,221265.02054949323
1918,127667.57337210001
2764,236315.62971568556
2184,133520.56650960888
934,137740.56047245365
1920,137139.1998732615
2631,143233.79570771026
1768,710286.9797188787
2040,123194.02197188619
1749,213876.35195414576
834,238685.27464177212
1457,232191.85039639875
79,123617.67154651284
2302,129143.99737647409
1817,146517.13240545147
2755,233273.57680745394
359,174184.35266647072
2059,110689.80656319948
2092,225528.94543556214
2516,222265.58907827333
150,120890.70674304158
1656,141904.530993082
83,96397.52588363012
2411,180671.4990978564
795,78841.4693142928
2312,215954.4689426896
2917,97422.36423083568
1624,175026.26484893545
2215,347023.6075888985
1211,155326.36022898645
1485,152883.32779495942
1024,172555.4924752274
570,193216.5598149957
2874,134891.28720246683
700,123399.63119371189
2756,209047.3550280598
2022,177176.75332662615
583,220580.6476455545
2392,388917.46115629317
2424,175349.51989223962
212,110458.8835251169
736,131193.64919132084
1610,165953.4981404407
890,126192.23786431979
467,175249.26272502905
578,237381.7026078197
1747,184972.4965996806
1149,156658.97771643265
2758,254740.60378163218
857,146327.17186426005
2219,268470.5689153538
733,103445.98820550347
2909,106988.91377996784
1798,262392.4923821534
235,128879.17718867601
2366,126065.94517097244
1027,130927.11927343767
1195,137443.07054377702
1303,65014.022790931194
148,190827.717829506
608,158691.24137073118
2515,194081.61054856033
821,275695.42939440976
2500,259418.5665698293
745,109022.88717841743
741,122791.02160443914
1611,117943.442920003
2532,121851.69328632622
1081,226562.48326153355
1692,475187.16667750734
2520,166835.896630373
276,106678.21371253132
1992,127823.90677380079
663,63120.81839508307
418,123077.31153132298
1733,193512.51644163195
2359,151920.39998328337
253,180434.17470033056
1518,187492.53951159556
2035,138090.66453182674
2919,77458.57432268132
1540,252816.08675931653
2120,148860.1912380265
1674,161889.91715573703
256,148810.62806344288
2361,102119.20312115063
978,80232.61306451884
2280,137142.22881960426
2095,220653.70386619377
1709,332424.3855093935
2801,243695.91181467008
1246,112167.54702244356
2373,101971.19887796372
1055,283414.06184197805
2017,121079.94044354877
1099,262944.7575217879
1344,86392.27394341488
835,194484.31764324906
1117,222895.20038140536
2043,88095.89703645516
2085,131296.38791683927
410,138868.5226536373
2650,112327.13702758495
2867,181674.88299267204
1668,114734.92302536678
1161,154381.82817846772
2122,169344.72061741614
2539,149672.6311914596
1047,140624.96762680216
1445,128836.44654891879
541,125797.09492258183
569,216850.25676291186
1276,109536.2876860976
918,153920.4015098019
326,169021.77599349513
1936,127744.76896958359
895,102381.4717033063
257,153277.71105922866
1241,186044.90706424502
1545,121963.36146428502
1189,172112.00798419653
270,145022.6469605501
2066,179023.50713691107
693,109116.30803674983
1259,143048.68598119833
2916,153940.8147995966
2321,293956.3553171219
1977,108086.17950053528
1895,143123.2910312911
1240,170723.51589314928
85,149693.43017851372
1823,132178.6114463643
825,294996.02070659446
110,229295.4611517248
697,122446.02972127363
2297,114585.01609301443
1231,140496.10269652223
1355,131482.73082639958
968,345587.2087954099
584,216874.72600652822
1315,123876.35529383825
1606,151043.7984526785
206,101456.4725290664
1685,372003.52820328524
2016,135942.61483128526
869,206000.95020553315
2135,127060.95344697466
2346,180327.4436115742
2430,226789.5594325072
2198,85816.69820089833
2652,126517.67715628482
27,123061.17199381124
241,166086.53884391402
906,121285.25511230837
1506,114852.02745171411
2098,386090.59032883303
1435,225634.47728443725
2213,131843.8896189704
1274,131036.3262479594
743,50185.209335895284
1737,194372.500211617
2797,280931.3443657934
2185,65731.98100582723
58,168472.0895258518
830,196325.52844571453
808,120577.24963205482
680,134028.3862962792
1153,112785.94925139597
1291,130176.34303533394
1818,143363.16944839898
2161,185941.39385769574
1883,108707.80022120402
350,364843.89457583113
2473,139212.36363366083
295,182904.03257740889
293,183334.3019910336
859,132462.23639713225
288,72270.01031450028
1578,140369.34961106346
102,182915.42016694695
2831,137118.49385994673
1030,160491.4751440277
2551,148783.83200618392
1286,147297.59938725785
958,312733.9926975709
776,131098.92341389222
72,237486.16328599374
2263,256953.93972456473
1866,151404.6649100643
2876,80174.82975056913
2146,255323.10657150825
103,168982.95777799317
1500,142127.71283739345
492,179844.8826908914
167,145459.02219236532
2597,121036.19589099368
2685,104560.07452799648
1035,158054.10788001414
1220,74101.31431869112
2602,153989.89944441163
2159,206153.67390660357
695,132338.36736291795
1109,260271.55285273446
640,178621.07183598503
1652,150018.5378970063
2090,170381.64349253592
1188,187464.4096982486
2345,235164.25055073545
1059,432351.9620613543
2751,224489.98904337996
128,192241.1295879575
1523,174926.0230112646
2925,183569.05447162487
2145,293637.52579602174
1121,219738.21840712466
566,243478.55101272278
565,236372.35143341796
1331,134509.8726136132
2928,118102.97511292566
156,144146.58962555343
797,144514.83612951625
327,96685.66319240193
2859,135651.35349013444
1453,124516.94307002967
1762,332621.26238122693
1868,204300.75658153225
1760,178427.63272050204
1113,240805.65300304326
1812,191628.5552650561
117,154631.46545700362
1142,214721.9043474972
2342,406901.23780073016
927,145210.5373090282
2478,185044.39485943085
655,88351.75741530932
2064,124358.2233831826
369,256724.71342332812
2239,117672.5417116785
2732,221376.46465154865
1653,162986.1524136034
959,218532.08736170604
2395,351099.5361222606
1412,111425.0407870296
271,240047.9094263292
1484,151382.51573515995
1497,157267.17680697137
552,158803.82438165884
2,128712.02359834015
1855,310022.8241280132
4,276863.4823258457
2292,150486.72015395068
134,142443.37091658654
646,111128.86892795835
42,297553.7365034527
532,226211.72958149159
713,94828.98737923405
2561,137663.5208920861
2360,130896.7468321295
1333,124642.13367652355
1407,222707.6001752521
2892,312100.1228228314
574,216461.2012504045
1227,179070.42084821514
2591,211274.0654312597
1476,212975.8728687195
1125,270518.668073707
1446,143811.54085076405
408,118601.49666514364
1101,286813.16845277156
2251,192152.4206516484
373,178429.54572588464
2554,128273.66232992822
2382,251147.49807744694
1985,85505.41730411266
519,231397.07111675217
1093,189746.67413330133
864,252084.0533614233
2889,146622.38357770673
2308,193601.65741228624
986,160871.74219632676
1302,146794.61556586297
585,156583.322039055
2708,152264.1400173543
147,138929.30682922064
1441,223585.0604733617
383,180766.0834435556
285,155339.23786130198
181,107945.72363866135
358,178265.4810859955
780,166426.66206124265
258,193490.04851975475
1865,218869.28625722043
692,121215.25921824377
2902,344551.6909930011
508,248923.50694744132
2638,142273.84756398387
36,141822.726226216
611,170802.45092500126
2281,146540.43387832458
1678,119908.8095515146
1696,487050.4447665125
1557,85738.2528577087
2180,156906.3093499761
1726,208622.48715620665
951,140569.04730417917
267,223809.96481683938
2706,141284.78479627366
2221,250437.1728443184
1357,158461.88438384203
2901,324123.7026635151
347,172075.36608987185
2164,189438.18762970084
1586,313150.0065462034
360,153871.6708588403
1769,244229.1438456946
2617,148301.17142354435
1879,138322.3077692982
991,237050.96083371798
1535,115282.71027043501
1191,144718.22698644767
1579,210338.92437970592
1882,143202.20518001833
1510,134139.15090823767
2196,135407.47741609786
1845,174786.27341281882
2336,418988.87270909094
942,88842.54823584642
861,126805.6144470509
2555,117961.43102492017
1392,162348.14444868514
2099,256232.2185504763
1543,122834.9916426838
948,287821.13686213887
1239,178046.9828168031
22,178764.5874898948
2796,239999.4162209095
2747,184670.607596416
92,276718.0343354026
210,170067.10131099817
1858,197580.3511171679
2228,158625.3158968701
447,219276.24519665615
827,244156.80310509758
1649,200647.51781508978
682,131160.1273276626
2698,110190.39798839603
494,164424.48926508665
214,72387.23754070724
2441,245951.652505941
2679,113590.80898062994
1336,121171.06327836073
465,176844.9504247802
1524,148307.28309212578
2543,116717.669065876
631,145473.4448535804
2452,315697.46231341234
228,146960.42431526326
126,170085.8083244583
1092,224242.7391057113
1122,207502.2792645289
932,226791.96415664259
1980,94503.89876604977
2171,119014.31579197949
551,162885.45173502353
2768,168344.90494250858
2056,110003.20640620307
1159,360369.1555518898
2645,117885.62425241183
1174,172086.69682225125
2266,209935.67573326445
2462,425716.3578603007
1219,147889.1424450205
2922,189967.040063557
118,146168.71051831034
474,164083.529369909
2576,149998.36562685732
872,294647.781714065
1077,202044.95683144702
1536,147447.6332488161
1150,117949.89446441983
2341,320610.89079497266
1931,150433.572712836
2785,131310.22951035423
2538,130038.84415750256
597,202513.57618879853
464,185298.89869910417
233,233008.9654334533
2169,139650.82535180956
2123,171345.16216028662
1867,176914.22973747185
137,250168.48681024418
515,246355.09850018198
933,113807.03752728965
2784,162095.39011513742
972,171466.7696576991
599,171052.84265235346
2614,126036.4686558923
2582,139887.12160268798
1409,168567.70236085984
175,100448.14303569251
352,219402.49608784448
976,107213.23029484617
2134,192269.43355399638
984,114572.53121464937
2396,358209.567265883
1673,131193.49557074718
404,125175.42624584286
607,164356.4272750494
814,154532.3541965367
868,191662.43691665144
2271,190778.03784381837
1633,216164.31923384604
337,161670.15368172072
2765,183612.83926411223
1746,243049.57809674993
368,324347.81055042846
2806,206599.22657486948
1662,182122.57931443892
1234,214268.32836395854
1373,128322.81367148414
1672,118858.81401870068
1939,125456.47308178949
