Id,SalePrice
2658,134645.10119557614
2718,146861.61612558446
2414,213227.0509606498
1989,108156.31963943108
625,172649.91636159166
333,84856.43474676361
1327,118022.79448047915
858,150078.4032750514
95,180818.6184904005
1568,164388.1442298849
2482,148010.68865577114
1364,121238.85418999387
2584,132760.7236010437
818,290035.805204409
2673,148573.63674230484
2089,127639.59039682767
1297,172167.80610769294
790,117815.90147828305
2616,204681.24827415106
720,155088.46660424757
222,153420.649966421
557,126474.70097474271
1148,187121.43571278482
2766,171177.5826981243
534,172996.69034150644
1452,125242.13683680946
630,112970.41676015063
2648,122295.96055633138
125,166930.5175596847
1904,88349.89949209552
1670,106518.09513235238
756,74299.13182271947
717,239849.63780354365
1032,152672.10251929465
852,207471.80253240414
1731,177706.50134607468
2639,105880.9914772567
2071,101294.80343306257
1267,125635.37504124391
1851,195143.53830323817
567,162251.76618941833
2439,202994.00917220075
1898,151897.53141138214
647,146214.77724158135
2256,208671.001762215
979,92510.448378973
1444,215777.01375002862
2485,138707.01698402356
157,138898.01554538135
88,123357.5292476617
2003,104172.24814253172
186,197966.28739609028
1425,243911.89727876178
2695,137900.34581422154
738,108897.85377536097
395,159947.77572944795
1353,158007.03126542555
1878,135807.79463491752
390,156123.340226712
1456,232730.41206523014
1103,327770.30986863625
1387,152196.19131449814
2070,142990.01590596454
1199,163791.40388345422
2479,169145.25143255224
501,328675.3731424406
2362,107027.83161785651
1718,201761.47659660137
2188,123168.03935008595
1483,153820.24839489098
2557,100228.32541080145
437,360136.59998867515
2224,221764.82006107393
1628,163232.02902173798
397,136772.9475537613
587,188050.89891154424
2182,716402.8606371707
971,134415.18295708846
2611,127284.7844019623
1887,104250.66967898316
2399,375604.2451528329
2148,191676.11449861288
304,120813.59328511363
1997,133866.3466843358
2817,106596.43234902178
1431,219080.60482191917
427,368714.4613415779
263,127542.19470198813
598,167946.12090845354
2895,208871.20512266498
687,134244.78414536512
1822,132416.7599868541
2191,126148.14388573717
179,138571.580230747
1009,201049.71630866773
2010,140356.09097929456
1991,125632.69227316126
1411,187899.12345090247
1721,228104.32527356403
1144,192952.37186889414
593,199608.8203160725
575,324681.9521776655
1249,174834.41379185353
1604,124402.27572375978
1064,524480.4534897418
1923,152927.20554081153
1988,111778.63397717109
2325,168121.99346837582
114,196157.6778212926
2700,173513.1314898106
217,129640.8556771414
343,171366.0353364981
386,214871.456002142
2005,124622.65642637387
2908,149410.98056129646
1814,218072.46984138602
2446,547722.4344428948
208,129416.65198472113
1679,114117.90558150323
822,338651.2572494458
6,195215.49193793122
1781,431493.3125078284
2397,288462.0174078135
2340,317913.21823998104
1618,176596.85939330404
2843,121923.04943288508
1061,371436.59733347484
2786,125558.25897131802
1935,143865.8264049163
1341,105007.02542714361
521,267799.61750624614
2136,136741.5165752357
996,209364.8294305143
227,141836.89402339386
135,193256.56861900975
1167,172242.418464923
294,220729.83402413962
1776,210112.79856293165
540,150945.6005814548
1717,200944.60835954867
2303,137511.28148772294
116,177415.83757637267
127,145717.6782025908
1371,137781.18129991496
1014,149231.69874223298
1507,109319.43659099768
702,115167.83157963498
750,147546.30794634996
261,144718.71362805564
1559,73274.19334658753
577,216149.61752412416
2812,192617.28092183796
2080,163028.9813362657
1368,110619.4666779674
2376,133573.2221194036
659,105028.8478845844
1235,136880.61892725958
332,74494.58600389544
1917,142876.7143985335
2094,255618.93696490017
1460,271319.7782934815
1471,219784.84425938694
1509,132862.00476111827
1922,140209.62325458345
433,533670.9143888659
460,255949.2136228524
1116,238949.33801364695
1137,160831.58340463747
53,166292.601121417
2354,268938.4321160352
1475,191543.69322143338
1761,618420.3079626597
842,141845.0597440792
2739,183605.80973538558
2509,145499.66208301624
1007,186683.40658627567
2610,192407.69612302032
1952,93441.55208816525
2719,152100.71957147995
2921,72871.16163584462
1966,146463.1826669837
292,112206.56877924694
1204,186936.67530217813
1829,266083.0782494995
2419,182424.5798951058
391,140568.0753908722
798,104109.61423723673
481,189932.5135741274
193,202965.33199678507
555,116330.92952810781
899,56120.699200781586
2357,176275.87892051617
328,129549.84322809265
1356,101777.09944639954
1154,107999.27392794925
1730,182121.67075952026
2249,167915.97242041945
1119,286515.91144327907
2856,144925.6669040664
1394,132558.212499801
2587,116692.25659576559
61,340614.04045171425
2661,184394.6787715155
2711,131155.48114751006
1147,173498.5729578773
757,129512.01037245506
2623,127002.46507635555
2378,139962.0266847163
1413,128245.12815504952
1722,204385.90449634235
1112,235871.925748771
1623,193989.45315649122
1201,191815.79632891685
1513,108950.08158312709
957,403884.1895207484
1171,264347.01998086675
1145,189175.57608410798
2726,230263.32969364122
703,134330.9600078867
760,99385.94169519137
1964,155156.89095708437
2512,162138.28627225768
159,142833.96206529188
1281,151587.90308781376
468,182862.98240077303
290,117304.90519197867
665,90154.66357633227
1463,253358.49850679858
1792,233998.1709671078
923,169621.25608433626
500,277199.9248212007
1408,186996.42639656848
331,93451.01002577378
170,116435.8738371107
2192,109775.4240785403
2571,331793.13313631277
2314,175734.99708210363
2647,91025.2517691605
422,445569.2132863764
2457,384316.0975993785
1838,200631.28402041813
2805,257655.71932511457
1645,144867.80070817063
1711,299791.81198798696
2825,241322.42321836535
322,349836.4424418102
2103,257388.87510200596
342,114533.52206825267
600,143177.32860315702
488,173692.61121371557
1725,324006.30305276386
2246,293122.6314049601
2847,149061.02716299536
806,227879.0191693991
530,230945.7043324635
963,187324.91377924994
2678,96393.88090730563
171,90765.18908335932
2401,439433.08801599796
805,218200.58848418208
2259,239928.54754025087
1748,177933.44642586814
1361,147728.41721213586
1677,114770.18806019786
1406,152224.51313449
2322,252717.90451895172
688,152941.45942427055
143,138152.8076513561
804,200499.31439525512
1214,188305.1651608423
2828,132162.9106815678
1999,170459.94231062848
2467,207733.67336008063
2665,152828.82515998458
1538,377989.5599860646
398,124313.86866047443
2822,150910.4540631033
2157,135112.86723432876
1856,195662.83351882425
1269,102013.88508771203
2570,119357.64375995746
2320,242684.55951622658
1517,141958.71527399967
2304,134559.6920321202
1312,100024.33752371283
2012,127830.57352249924
506,219600.6356855912
2865,224035.7778709663
2367,100940.12612289959
554,83084.33298986568
238,129254.59762878797
1954,104071.34635600529
2488,108983.47385863436
2291,66423.03952314408
1969,123333.69406686228
2725,181222.12251270376
1482,145124.02258932218
2763,196212.22288491979
503,250420.6296182883
1584,241341.48998716433
1531,149685.53247171995
2210,175330.51982192788
459,336103.45416287525
556,136066.7826063743
1347,116003.14081741223
1290,72400.27735519869
1388,97268.02361556079
1571,311709.53880069783
2754,198587.6722581699
765,137163.25692772935
2494,133820.4026143967
2870,231157.71385266486
7,218524.37584209355
1114,257810.81167229818
2418,279752.3719845103
291,119713.38023162307
18,363419.11396653164
39,387510.9515760607
1001,248964.67622383375
2442,223992.6761854791
616,112911.50400878215
2680,80933.9628201084
1414,127190.5464488574
289,161916.63866223057
40,252668.4243393264
860,120369.17867915961
409,136576.2261465112
673,145807.1460631123
2427,183651.65079026617
2036,203717.55506245763
2564,144732.1703270491
642,137197.65664374526
1008,170961.80810824106
1908,130921.70622821536
2519,203064.2317108303
1369,89174.98917686433
2855,177449.2811441734
712,112811.51171525655
1943,107688.59693842148
1958,111701.87143490487
107,151972.11346060265
2295,198492.7262850401
704,104616.15652878414
676,167595.0908805959
259,177358.23997019272
93,283778.2127055411
106,243729.53689107328
2315,179556.2342337913
1050,92183.93734536809
1095,198477.31934665487
2709,151044.74884824967
758,104297.24724915263
1496,151793.38098594284
2370,121930.19351487508
2458,286220.8583180644
2733,135304.22732533835
161,244189.4968506316
726,153604.36800353607
845,200289.97406460502
947,234013.50725121592
2232,99036.29738017899
2563,142373.05882203544
2299,131999.85940647748
211,91065.33425177407
605,146525.25721581216
1478,199865.13458085892
2247,290325.80930872244
2274,217350.2614586241
2869,208538.40773717576
967,212967.40467858565
2656,125689.61050882918
667,203631.9069946076
1042,113082.73193552333
2023,165636.25401024258
2447,405474.290347864
2055,143547.08792948356
2275,299758.5299136799
2204,170875.65196370246
1563,291286.3630740125
483,196220.71570443752
796,123974.58425956953
1526,163123.38486
2042,125278.55390617141
442,354814.9594639482
1693,324197.94071159157
1468,213672.90884742903
1430,206950.25665057014
2605,129530.63012385421
1529,193319.6672703594
335,151617.12446272722
1287,127848.69838868635
31,100575.41274845757
1785,332915.1973171017
82,163989.68236037553
2620,120849.05649800284
252,180108.75927450613
721,51657.48199826304
2165,187314.45207465632
2316,197048.38434795284
775,137956.89686771552
1558,67558.38603701134
17,223402.63813866168
1022,216709.13031764078
925,140013.27815717703
438,282182.50443394115
1270,120423.70700528973
1272,135997.23987538065
215,114925.57998070348
266,231218.8642831543
2402,280120.3880747549
1250,123799.03175534442
1984,103772.43959856255
1279,152181.40387363138
377,243548.25133609056
1252,103592.37626424152
2156,265164.39445263176
499,325452.4919468215
1374,133081.89626222732
2898,269271.47737650556
401,117995.47572476644
2721,120186.51249999646
2078,234457.97886054526
2589,132602.0650497186
1946,236573.84100516018
1334,118061.21967394254
2781,215530.49178427266
431,409005.1698232295
576,195451.33907339146
1474,206209.65803984815
2254,135651.01836853253
2155,280251.85252970847
885,103839.3024027535
643,145430.5610541395
1944,131632.635460575
480,190379.9217879398
2845,98417.79027052497
2387,321467.5779230333
2407,202040.61254097236
2527,165935.66330854566
2514,138273.3905688182
629,140402.11022116028
80,199599.85758485046
1876,140501.5821582796
1546,127010.18933870184
2518,176991.53006585152
2347,146562.67657591426
783,229309.00480952387
1322,37748.30056250887
194,88317.00089079619
1770,290409.10077441233
2143,167389.45465081552
1229,225559.020153835
511,293084.67880732886
46,217206.3968700738
1348,164740.19949321618
2465,203704.2212358539
387,229550.807886781
873,221563.34848436742
1918,122605.67439307197
2764,220393.10317843704
2184,135748.9323757753
934,133291.0481108502
1920,129022.1455360286
2631,148490.59644765238
1768,656314.3320501957
2040,118954.53898482776
1749,215335.67692448472
834,248745.09321921616
1457,228608.2937056283
79,107077.64045262797
2302,133032.11942528764
1817,156674.6020015984
2755,233541.02798638045
359,176834.20337533002
2059,99777.02492857887
2092,236161.4870828904
2516,223171.85186740285
150,122157.38146833924
1656,134211.18703361118
83,100909.03465092671
2411,176826.8480403609
795,69247.11940692784
2312,223781.94832574535
2917,103296.15846293146
1624,165745.5717027246
2215,317064.676186131
1211,148292.26634702284
1485,159564.91490015516
1024,165926.75944040826
570,197851.0994694032
2874,138106.62623059127
700,126586.36811032856
2756,205364.52123680903
2022,187843.65900864988
583,222917.68788099225
2392,377903.510088963
2424,176759.19126738264
212,104932.39560159546
736,131827.77601358504
1610,168810.84854350763
890,111900.41300474858
467,176582.6290233758
578,205105.79475589137
1747,191421.05761669896
1149,147936.06015746907
2758,253351.6936407907
857,152226.23071764555
2219,257559.6277944061
733,48896.808051631844
2909,99326.58651432086
1798,272892.4418007667
235,120560.64856804092
2366,127597.43906022981
1027,135057.2545114233
1195,138708.30508627428
1303,82584.60220475658
148,186739.3856605423
608,159254.40267951932
2515,196468.29901143728
821,268505.81070657045
2500,260345.77962331817
745,111383.78018834349
741,130762.2306243318
1611,85195.65345572721
2532,124691.78581295087
1081,233185.09199107107
1692,466805.62035179796
2520,180048.78789737244
276,105478.42328998708
1992,130656.44878722116
663,92630.46858666762
418,127330.59544053965
1733,203707.97060158517
2359,150419.92606218345
253,176797.15548223257
1518,173313.8262795338
2035,142976.6632406739
2919,78912.4011096409
1540,254444.67994592217
2120,146021.82488612784
1674,167862.10762935132
256,153337.98399714124
2361,130586.58267281594
978,68994.17243353045
2280,136955.39093066892
2095,216158.65007585665
1709,337404.92386671127
2801,252042.78981549415
1246,121264.29325610708
2373,97915.04218094569
1055,304318.73214801116
2017,125506.5473335528
1099,283563.84396957624
1344,88173.67624981236
835,199818.0046890055
1117,233540.03871021658
2043,91600.32882457087
2085,137890.33241628332
410,143339.66594531218
2650,113124.61022865277
2867,189073.37584804575
1668,117307.26019818126
1161,155137.46169434284
2122,162791.7723915252
2539,154866.5573820923
1047,134478.75392288883
1445,132384.35438003333
541,129260.6721940338
569,204779.30408182723
1276,119284.86858399544
918,150103.9667520434
326,158733.38080249837
1936,131999.02749625244
895,96128.49509955721
257,158443.750152017
1241,181972.97721650056
1545,116922.45863579772
1189,158311.8484872547
270,141479.77416875988
2066,176676.24729193858
693,119262.24793972209
1259,131314.1514599205
2916,148469.68685525248
2321,300174.51234701433
1977,65228.0133106049
1895,131368.95962584275
1240,172300.6390884556
85,155462.01535030693
1823,127393.63762007788
825,290296.6016187772
110,234805.65326810168
697,121326.43548871158
2297,124720.0161798026
1231,141318.51478718471
1355,133119.4556551578
968,352599.9756118503
584,219654.21609853947
1315,134091.08424775704
1606,150953.099074954
206,102793.12464025052
1685,367139.68036146957
2016,145361.3624029588
869,197213.91585942468
2135,120854.09509865323
2346,173850.12742555246
2430,229616.03626130527
2198,91414.99886872887
2652,130428.94656736986
27,121105.04959404626
241,156615.8873931896
906,124008.41273285041
1506,140126.20546986297
2098,385049.7245519987
1435,225556.237457619
2213,161787.99920753617
1274,135018.84598363785
743,10393.488382105948
1737,190946.10151202895
2797,277076.83228138176
2185,60199.88854325103
58,167133.280212718
830,201771.14217513456
808,114103.89253681793
680,148696.32831869804
1153,111095.36746000877
1291,134018.33735842205
1818,152221.52281866787
2161,183137.64473857963
1883,108244.21048901987
350,365144.46353801416
2473,141989.72026988247
295,184639.72970804863
293,183246.0382535495
859,138142.11210661673
288,68469.91184560745
1578,160013.64592534804
102,195095.25647302094
2831,116651.51999803423
1030,158328.08686636365
2551,148459.28498565522
1286,157508.874280917
958,320787.97519996256
776,141577.2971026427
72,256692.17572141957
2263,263260.03897691116
1866,153759.50756061712
2876,80603.03215518472
2146,241411.35738808528
103,167364.12907898234
1500,131235.1835521619
492,175382.5021833179
167,157157.96518989716
2597,120512.54216858122
2685,115795.24318494869
1035,153575.2581441275
1220,93711.95813693601
2602,157961.50757263065
2159,204185.18531418528
695,125350.03496692603
1109,258340.24686636816
640,180267.82822157088
1652,143727.32454166882
2090,196546.4488928512
1188,168800.81186028
2345,240420.2838920495
1059,418058.83832259703
2751,232505.75206216815
128,207528.64305555465
1523,183304.32557457977
2925,186033.70424159575
2145,306794.4916390216
1121,221717.74136697623
566,264068.4604436709
565,233182.85758493125
1331,134139.7219967834
2928,135254.76771381614
156,143559.83314825
797,132123.38615501137
327,89160.16662807466
2859,154700.55852403317
1453,140424.92529706174
1762,350064.024485427
1868,202704.98141764879
1760,183498.11816186266
1113,238826.28141832777
1812,190989.01144088974
117,150478.3598037323
1142,195442.29444698704
2342,427632.1066512395
927,149704.3180019473
2478,185933.45912284934
655,96616.87464201613
2064,125013.07881846308
369,268237.45524137147
2239,117242.24150893767
2732,212751.7349874769
1653,148956.28799514804
959,226813.02635633008
2395,351511.14060370746
1412,112382.36817695928
271,253344.92906192882
1484,152391.84376252064
1497,160973.8381544067
552,142919.15457843518
2,118328.88851218892
1855,307269.4429550247
4,271880.82905551995
2292,147034.2471192847
134,137138.51586720406
646,92586.5313589765
42,305467.5773921236
532,233092.18370832043
713,99734.57488012
2561,139248.82088857866
2360,133642.48149797082
1333,127275.8517763181
1407,247599.7468056528
2892,297907.23530926363
574,205802.43801512924
1227,163350.4171142676
2591,198074.86664704402
1476,212771.68884217512
1125,261910.99847864226
1446,147533.2707078834
408,127047.537354047
1101,285611.4376614119
2251,191290.50463572046
373,172149.12494438112
2554,135230.0422830786
2382,261191.96757888485
1985,83098.305577264
519,233832.07670701382
1093,195470.78923977743
864,240094.5906285998
2889,135871.79988515534
2308,187343.67221252032
986,201079.15740204515
1302,147478.73380928766
585,148138.305616988
2708,144495.10274325538
147,135665.53230691265
1441,222143.60079370608
383,192393.836025702
285,144121.36602422426
181,100778.16530044685
358,190962.06487154093
780,171106.61680255178
258,185765.81335149123
1865,230332.4491022479
692,102472.68941965437
2902,340992.8028690386
508,267368.4932080593
2638,154259.59589682892
36,134848.57572112337
611,169849.8367871989
2281,153534.07691510237
1678,130259.82485220145
1696,487157.61705009657
1557,62433.70080667897
2180,163267.44828334166
1726,204321.61525566078
951,148069.4008813743
267,220841.55698490614
2706,133566.34738504834
2221,249187.24386696395
1357,177566.76196034363
2901,320748.3977990129
347,170554.69379050896
2164,187222.61276380037
1586,305500.4987967151
360,147174.56894637598
1769,253387.29029298067
2617,138166.7842305631
1879,121302.5887868969
991,236251.0285994999
1535,136480.21407979005
1191,135635.05073646887
1579,207472.20899213006
1882,124179.15178200003
1510,142106.61812921538
2196,132089.91242626333
1845,181379.56481919222
2336,406358.9961434468
942,87261.76198680617
861,135587.26526000205
2555,133918.41626289673
1392,158543.02980514313
2099,257088.80763111758
1543,118800.69470155466
948,297958.43983257486
1239,180251.21641463955
22,181107.77335335675
2796,239434.75993748446
2747,178162.95202184794
92,288279.9222333008
210,166083.08424419945
1858,199243.36830911104
2228,155276.19342652155
447,227037.27410938888
827,243996.92033152276
1649,183839.21449774265
682,135858.01204533956
2698,92435.20212750498
494,166454.97738079482
214,63902.245909669145
2441,238957.70838460274
2679,115332.96113244427
1336,125923.43502953253
465,168019.30353939498
1524,158220.64378357766
2543,110273.79071469739
631,143063.9359308072
2452,316123.98145185906
228,142953.90113521426
126,184152.74286193907
1092,230384.98761747073
1122,222666.2387044932
932,218344.68045389123
1980,79635.21567330125
2171,111882.3410076357
551,157196.33613201295
2768,168806.15653861943
2056,111348.28928996745
1159,358059.2361884297
2645,105800.88416206377
1174,177788.7845275887
2266,206316.91779015266
2462,425157.6992293245
1219,142479.5180728397
2922,188699.8958541809
118,143346.07158720656
474,161190.5895719297
2576,142694.5433685258
872,283570.1292181322
1077,197733.78663635085
1536,150991.4760720954
1150,110405.69549562497
2341,331305.5440228369
1931,165446.2300829356
2785,133734.40547609038
2538,128659.95185904979
597,207066.43527932145
464,180901.70690873062
233,231373.4521115559
2169,133256.97042257228
2123,171437.1491151909
1867,167179.13045839936
137,259035.50920649158
515,251537.7452943668
933,110407.9009351075
2784,169297.05093738815
972,161946.96521162434
599,177655.5327321876
2614,120686.9186091905
2582,148572.89742967405
1409,160070.38011480524
175,113735.05976209452
352,217122.30864192318
976,88568.2338225451
2134,186414.79991641542
984,122622.79408734321
2396,361169.47182672046
1673,127084.25834349036
404,124425.2250820318
607,166916.59151533502
814,145108.3785152103
868,164428.5662778177
2271,185459.0096887239
1633,231909.120080286
337,144753.81961807178
2765,172274.70549826976
1746,233215.878078827
368,342023.38468423433
2806,203987.53409891546
1662,188814.76571396115
1234,207262.23430586426
1373,120735.84330690664
1672,120782.99916176306
1939,118729.8878416022
