Id,SalePrice
2658,134988.95910902577
2718,152064.7224778785
2414,212719.57912362475
1989,109168.48217779363
625,173424.96148768943
333,83578.04268534346
1327,117098.69522692787
858,155945.14179231683
95,180365.86810207606
1568,163783.88779473596
2482,149275.1298036199
1364,122341.00175263971
2584,135083.79376554227
818,290652.9816809872
2673,146866.26421102328
2089,125752.94950370236
1297,173705.14506013333
790,118151.02511319108
2616,203938.46672900213
720,159864.6835117137
222,153394.1853024286
557,124726.46049979943
1148,187259.51674987585
2766,168040.80978893314
534,171119.3114384669
1452,125531.21567734232
630,114511.92232488764
2648,121432.97895236287
125,166373.366338773
1904,85513.67123511361
1670,106978.27003130176
756,79662.60162224172
717,239179.93900019687
1032,151705.7008271713
852,207804.6256433467
1731,178313.29182751314
2639,109174.62142676466
2071,101930.05285788461
1267,120699.2843341752
1851,196792.1666527817
567,160827.5691681784
2439,201946.6085466783
1898,152096.2901730524
647,151036.00298182468
2256,206326.1119766456
979,91131.22726155618
1444,215238.78045106647
2485,137786.25539161355
157,138809.95349689067
88,123650.36120659628
2003,104939.87311015298
186,204802.0895333629
1425,241860.48846020064
2695,135719.88474771343
738,107911.11770839799
395,158944.32545141596
1353,160270.95905203174
1878,137193.42899109065
390,157134.52369529457
1456,233179.74081756183
1103,329287.79818470916
1387,146625.81769222283
2070,138071.01376976597
1199,166440.986242657
2479,169893.0424948308
501,327216.8559140967
2362,106708.65761932064
1718,201728.29613810658
2188,119814.83850340315
1483,156922.43498334667
2557,97899.52225888298
437,355521.1161062771
2224,219645.01243048528
1628,161870.25948908704
397,138210.88719484006
587,189748.73101213644
2182,697309.268717556
971,133513.18713523832
2611,134092.7675686165
1887,106285.19413690627
2399,377039.9922470993
2148,190300.5832808098
304,119706.67067382396
1997,134374.57110576666
2817,104491.45105790351
1431,219324.1513447645
427,368267.2315594137
263,126767.49858224561
598,169286.4317555015
2895,211178.7717017791
687,133221.7986312196
1822,133820.79856721393
2191,122227.06110673895
179,138139.87326509805
1009,199140.67814932176
2010,141816.1908812664
1991,124636.25489557056
1411,187806.17112495992
1721,229230.21544828132
1144,192869.69103713942
593,201626.7185883113
575,325200.6461343062
1249,177300.71838110278
1604,122814.82330922683
1064,514137.1772193434
1923,154128.09769616812
1988,111874.07394381915
2325,168054.65997218754
114,196848.41238433274
2700,174585.30196759495
217,134315.91174404012
343,172352.95050020743
386,215261.41478867814
2005,123960.76026520031
2908,151066.34059841643
1814,217885.84277008416
2446,545157.6434544781
208,126929.47417656195
1679,112456.93559931908
822,336338.6087292683
6,194349.41013703131
1781,429358.06825992686
2397,291492.2776210024
2340,314871.4167020442
1618,177327.3123855888
2843,120159.23465201855
1061,375893.440793318
2786,126981.08028163601
1935,142665.99710560794
1341,106202.69958667802
521,267115.25787042454
2136,137096.7476475936
996,208954.39711950152
227,142185.32828265545
135,192697.04918598334
1167,169963.12040231447
294,220506.3697574926
1776,210241.4356148876
540,151074.07198516765
1717,200797.69396208273
2303,136638.06260026075
116,176640.8427135434
127,144700.06214841097
1371,136867.0258833156
1014,152483.46569684334
1507,109830.6477434753
702,115198.99443370389
750,147363.25501268945
261,145631.0231288002
1559,72525.3893749976
577,217022.69668199826
2812,193848.11296008306
2080,162453.41517032264
1368,111710.54500802237
2376,130752.05521935507
659,106625.98203602617
1235,137003.61241939422
332,73707.02280723712
1917,143759.85766618303
2094,255751.23655249155
1460,274516.71860430646
1471,221546.2161688356
1509,132563.0819307142
1922,139621.65616388305
433,522707.93848213786
460,256674.92353630238
1116,239149.16057087347
1137,159439.16355926133
53,164356.38345341888
2354,267607.909434086
1475,191232.56330160928
1761,605204.3813381826
842,143450.54337191329
2739,186024.79062722265
2509,144988.96154491746
1007,186298.74866298446
2610,190072.19112743146
1952,94954.10913173975
2719,154563.90184499882
2921,71259.42596790894
1966,148092.74075421898
292,112856.91621728733
1204,186119.89589801914
1829,264802.98204129137
2419,182664.12888940427
391,140777.987029368
798,104942.5915318676
481,190474.57811808996
193,201934.87645798599
555,115714.67250908288
899,51975.91535091841
2357,176427.49968471707
328,130011.9371206988
1356,107460.62821593875
1154,107025.13846962625
1730,181770.6636615633
2249,168050.31834826496
1119,289017.96959835186
2856,148066.9219837661
1394,129911.93831321562
2587,114830.69338427439
61,341277.6958294023
2661,183055.33707532517
2711,132110.61976815548
1147,170103.2221052489
757,128797.66513309567
2623,124246.61174023659
2378,139943.0781404453
1413,133249.28741975376
1722,201925.71477841015
1112,234708.92783335072
1623,195148.35452042083
1201,192235.15668117307
1513,114453.366750109
957,392728.9814054316
1171,263188.3953513062
1145,189792.2577373337
2726,228587.55504340172
703,135068.10786652926
760,100295.72239156922
1964,156880.47107552452
2512,164150.67887235686
159,142499.39919006726
1281,151470.94190782585
468,184722.77450483234
290,118508.10141116395
665,89255.75911354122
1463,254855.25792429538
1792,233578.8897079298
923,169422.3492939013
500,282168.83437058417
1408,188043.063058091
331,94381.30341679648
170,116526.51478383088
2192,106911.91768350979
2571,330388.2672166072
2314,175282.19055076136
2647,90651.82314967114
422,443265.0131444782
2457,382768.00857708487
1838,201886.08526872305
2805,260200.706197605
1645,146363.95969349134
1711,300198.7005269906
2825,241498.15431577418
322,343811.58946121065
2103,255118.38409371852
342,116715.8469973483
600,142199.6292587823
488,172602.50040562561
1725,321877.9649060633
2246,290601.0472632397
2847,148756.77430022077
806,227296.85379470233
530,230274.39976110918
963,188263.35223265356
2678,99925.02973270474
171,88035.24498808145
2401,435121.5777021107
805,218942.68026989506
2259,246605.4520593597
1748,178611.40676545922
1361,145929.2930895008
1677,114186.17089239006
1406,152232.48335373352
2322,256964.7554144918
688,152668.35048626547
143,139141.25530422176
804,200596.14644755216
1214,190510.6117010381
2828,133228.51122075322
1999,174864.19566536526
2467,208219.04688297823
2665,153530.45616900607
1538,385381.5390396963
398,123618.17339390355
2822,150026.0997734926
2157,135477.209784287
1856,197858.6821093307
1269,100685.51253050062
2570,118574.07419085568
2320,243146.3290501873
1517,141645.78934551566
2304,133971.5856345177
1312,99896.85361001635
2012,129472.96474450821
506,222883.9565932248
2865,220242.92263834964
2367,101403.20894241771
554,85961.82549754129
238,128965.3554822958
1954,102887.50658112983
2488,113092.95481244786
2291,65608.22537499054
1969,123099.56700066337
2725,185364.1377611408
1482,147496.51125768496
2763,198413.19815606897
503,251831.63777521602
1584,243133.78498140853
1531,148411.79142066988
2210,174754.846522647
459,332646.9458102094
556,135306.45978645384
1347,116884.78887851766
1290,72537.48095666891
1388,98664.33083907294
1571,306649.1394346709
2754,198693.56771833776
765,140793.48397511986
2494,135297.26138993222
2870,231999.78931505285
7,218393.73268544438
1114,257511.74704891036
2418,278347.6946644328
291,114920.6966970357
18,359246.369702621
39,382792.55047538615
1001,251280.53039103915
2442,222712.59163942913
616,119588.32962831346
2680,83394.06123336879
1414,126480.47897229652
289,160058.7605230912
40,251699.9483434619
860,119060.22864187276
409,138069.23447662778
673,146390.73987458996
2427,182603.05885009636
2036,203237.78642598982
2564,143445.38832932143
642,143336.27071304526
1008,172010.11536023987
1908,135263.25387019533
2519,206902.48774383066
1369,84079.80411727488
2855,176438.2031356561
712,111452.2248313933
1943,110183.8198606332
1958,111611.47279405831
107,156979.8493845496
2295,194563.42973857938
704,104353.67448583475
676,166115.7992000005
259,177224.53431533242
93,282738.7708349159
106,242931.30920261124
2315,178673.3901455474
1050,90878.06035135026
1095,197914.75101054044
2709,151507.87885486247
758,105982.77442499841
1496,152411.55120025182
2370,120673.80800608339
2458,287710.48705792846
2733,135073.17525616253
161,244947.75980744947
726,151883.01788518217
845,200861.15989597383
947,236465.37686523967
2232,101320.86479498737
2563,142714.55909198272
2299,137402.8992697717
211,91349.290969201
605,149234.4686554607
1478,200210.31206652036
2247,290049.2299004144
2274,218312.09521638634
2869,211645.06440165458
967,212562.43915733736
2656,129836.26074577868
667,203706.69926027415
1042,113309.14479427459
2023,166608.48143260056
2447,405520.7316974108
2055,144781.95072499616
2275,298589.7944821788
2204,170997.97375331042
1563,290092.98686855723
483,195620.28126872942
796,124776.35108714209
1526,161261.9716244635
2042,128332.14648925888
442,353387.51389091637
1693,325418.77830292925
1468,212987.90270679977
1430,206218.45223830693
2605,129891.93408087382
1529,196098.8511157622
335,151329.11640508703
1287,125461.71599837075
31,99081.97744923369
1785,333517.3104869552
82,162633.02456557582
2620,120908.91256791662
252,180366.12555811382
721,55639.81473513623
2165,187964.29002426795
2316,195095.15113268004
775,136371.9488534864
1558,71642.28831263355
17,228870.66798669862
1022,216707.6798827122
925,137700.3062256185
438,281908.1639609512
1270,122202.3308722835
1272,134053.98862061457
215,114619.29699852207
266,229775.26312101784
2402,281214.477597936
1250,121724.10436991835
1984,111708.71775360113
1279,151761.7951759249
377,241340.56644064485
1252,105259.20746851902
2156,265049.66752497986
499,328695.083453757
1374,132901.22212191884
2898,267877.8269077847
401,116797.46055470256
2721,127195.88846508169
2078,238285.5905028576
2589,132777.6764587657
1946,242602.59661314284
1334,118381.13049395586
2781,216751.56975342147
431,406086.1416488626
576,197781.39194090004
1474,205609.3808386364
2254,139520.82133159376
2155,280223.4734226684
885,103626.29961187039
643,145736.17634391162
1944,129494.22052504159
480,190681.57152207993
2845,99225.74083345252
2387,323346.8650776887
2407,201236.21710493803
2527,166878.57252614602
2514,141977.22223706794
629,144855.57911124945
80,199166.26255812866
1876,140948.17497299812
1546,128229.69659758323
2518,177568.2910455087
2347,146438.79190867912
783,225908.53446408804
1322,40304.266552825226
194,86247.04706217226
1770,293962.5127887129
2143,164995.0755956563
1229,227459.0913924438
511,290488.5936612912
46,216599.6122443956
1348,162673.70488264103
2465,202891.27663335903
387,230062.46663591263
873,220583.38577013102
1918,127382.93315973875
2764,221137.01177368138
2184,135289.19713802327
934,132834.4028598141
1920,128438.05273537722
2631,148230.27532531132
1768,645997.9267601235
2040,120053.47929952104
1749,214213.00489558047
834,248529.52465725964
1457,227872.81962654035
79,109986.75061005587
2302,131475.30068581714
1817,156439.28021932067
2755,233865.68189647683
359,176645.48138446308
2059,99707.43091842558
2092,236676.912390588
2516,222584.61669660587
150,121355.25374910576
1656,134225.87848388427
83,98319.75136258738
2411,176908.62223340967
795,73686.62081028652
2312,223222.144945665
2917,105636.73358966467
1624,165768.4954986263
2215,309591.99794224236
1211,147545.33857986293
1485,161320.58445002732
1024,168731.49254889868
570,199083.1725864861
2874,138940.3627577956
700,124245.27515380362
2756,205245.46734858287
2022,186303.7782973966
583,222547.58920995463
2392,377351.863935117
2424,175787.58126548756
212,107165.24890090401
736,130284.94167966075
1610,170227.61818178996
890,115853.71269803293
467,178982.5153774485
578,209208.73995792185
1747,193119.72692783608
1149,149712.0582686435
2758,253294.65367883292
857,153807.39441934886
2219,259225.35168233552
733,59008.204999350986
2909,98864.44759405902
1798,272571.5453265018
235,125879.33831780672
2366,124190.03635978755
1027,135208.2586100985
1195,137877.35699941573
1303,76075.95276179169
148,187470.67044199235
608,161869.22743869096
2515,198630.0178117183
821,270882.4672097231
2500,259592.69141623282
745,111347.04804082138
741,126475.5496992819
1611,93466.20056690431
2532,125871.32471388875
1081,232443.35140490206
1692,467063.83296999393
2520,183275.42406224113
276,108363.51781988137
1992,130907.33812482923
663,89095.85918887996
418,130021.17451953569
1733,201084.85999686987
2359,150540.92637536925
253,176450.22363300153
1518,168882.37587516484
2035,141453.50665000567
2919,77251.87819212364
1540,254504.48295927292
2120,148177.63510205297
1674,169095.06320203686
256,152844.0307929938
2361,129409.44448881407
978,66849.33088086513
2280,141089.82757982286
2095,218050.1941307995
1709,339119.32089753886
2801,250342.90232443644
1246,119253.7553303862
2373,96523.17795820461
1055,303508.9862787819
2017,124177.2909041164
1099,286331.9303922771
1344,89214.53047984131
835,199085.73583078053
1117,233593.81699413882
2043,89685.39840089127
2085,138829.90287513152
410,142638.3397193347
2650,111763.98423271372
2867,186880.1600211707
1668,116563.63234338551
1161,155848.15902409278
2122,165668.20864681274
2539,154872.7747594983
1047,133864.29660920275
1445,134836.29279575625
541,129815.4117696986
569,211173.53588012265
1276,116640.6502824967
918,153442.3635733917
326,161486.45278247757
1936,130935.53110959262
895,97844.62327369189
257,160769.76911158362
1241,182152.96429258725
1545,118521.5803894806
1189,158845.44431099802
270,143825.45617595437
2066,179383.41433228273
693,113760.71819357184
1259,132624.91993230974
2916,148829.69712873892
2321,297816.72536087147
1977,70505.23205417309
1895,131750.04047762442
1240,172396.83835807178
85,155875.86758371105
1823,129353.32772009769
825,286393.62375710043
110,232852.46760454794
697,121716.63248926579
2297,121954.57873519714
1231,141749.46948240444
1355,134556.88929931883
968,350754.93451633514
584,222328.63418184838
1315,131626.62457032467
1606,148770.97862841294
206,100576.05656161603
1685,365693.9853188762
2016,145225.0458662659
869,197791.4515835322
2135,120827.61684020623
2346,173074.51340636297
2430,225760.65508043606
2198,88693.67218878935
2652,127123.73170810725
27,120557.04746397467
241,157085.8377224173
906,122815.69653194878
1506,137128.50480738276
2098,387763.05331871944
1435,226498.76182957052
2213,160920.94251172993
1274,135314.37227493108
743,13716.690618022898
1737,191652.36452335748
2797,275630.40270442405
2185,60043.26027684199
58,169324.8388307115
830,200762.71239708745
808,111324.06737812601
680,149353.10706005315
1153,108712.7862447697
1291,132862.76360088532
1818,148821.00046966498
2161,183493.31609709898
1883,113765.30552036618
350,357930.4573329021
2473,142295.97462784592
295,185872.27940827567
293,181104.26606285654
859,135594.38256334132
288,66605.91602967166
1578,159155.66085454015
102,200088.02644439472
2831,116667.73239371018
1030,157626.60498669464
2551,149667.89468112582
1286,155434.1772156827
958,321659.48177402944
776,141091.5050086166
72,256484.64691345132
2263,262194.27079941926
1866,154085.73507669268
2876,77707.1451091047
2146,240356.10566405306
103,167467.0713317417
1500,130337.64745962725
492,177159.82780605572
167,156671.77774641628
2597,122472.65808109714
2685,115504.29831163312
1035,151792.7161905082
1220,90756.791431398
2602,156814.9924968934
2159,204306.3027352884
695,123356.96623281499
1109,259746.19492299086
640,181378.23266934915
1652,144507.51579129463
2090,188567.90740872518
1188,168923.4056779625
2345,238714.07657778967
1059,416383.81546449533
2751,236231.41122990946
128,208578.47948150645
1523,182456.63698609069
2925,190439.59752736177
2145,305637.02623594814
1121,220854.97102984486
566,260856.50670469963
565,235279.9597313109
1331,135536.21789839765
2928,135442.8489998723
156,143269.33612021743
797,133259.37889689318
327,90522.10263339157
2859,152188.16648737204
1453,137277.07192744082
1762,351659.58891552605
1868,202877.71078454892
1760,182929.91398907837
1113,237090.72059072068
1812,191998.5146150071
117,150235.2797652516
1142,194168.6141842031
2342,420694.8076542668
927,149249.91693024847
2478,186852.949168813
655,95823.48808510054
2064,124629.28046888966
369,267188.76604590804
2239,119285.26051962693
2732,218548.97478837526
1653,148717.27825248457
959,227938.3185361605
2395,350661.40373510856
1412,112562.50969204935
271,249727.48582335387
1484,152055.0340468032
1497,163031.55732412124
552,145526.4253863487
2,118757.46132568354
1855,308363.23714707035
4,271065.82256583316
2292,146871.0458666979
134,138352.0320671174
646,93217.40904235691
42,308370.9179232357
532,231304.12942895564
713,93513.84222304443
2561,139266.45556277205
2360,134643.87857317313
1333,126308.63371905053
1407,244086.7495445669
2892,294476.23847703286
574,205925.99991390476
1227,166323.7231223456
2591,204632.94222587824
1476,211920.93128378375
1125,264634.6387776476
1446,147689.09509169665
408,127729.69779952132
1101,285742.6505728122
2251,193882.26881285672
373,171356.65442195407
2554,135717.48120187776
2382,260478.89753326814
1985,83574.33363623601
519,233756.3611687346
1093,196816.42380876132
864,239533.31688098537
2889,135877.48071164032
2308,191267.720831166
986,202287.77483947188
1302,146451.6440306955
585,149534.9800810338
2708,144850.8664411375
147,136808.2699508631
1441,221233.5279500612
383,193510.8594200721
285,145087.6047479199
181,101330.01941645246
358,189740.99332297867
780,172870.27449145683
258,187212.4536537573
1865,230855.12245420116
692,105019.31081305166
2902,340158.2708121025
508,266710.12394056586
2638,154864.9520735637
36,135978.1720875018
611,170232.95762456703
2281,155236.0255025101
1678,129536.18795856799
1696,476882.5715632618
1557,65207.673350621975
2180,165259.7266199252
1726,205504.70774466824
951,145382.8815713598
267,220831.21424438048
2706,133466.08074024698
2221,251643.34353926295
1357,177550.63118559486
2901,319761.27756946196
347,169703.24050122974
2164,183000.44257625676
1586,305309.8306735207
360,145082.80980281855
1769,253802.0395680897
2617,150631.10370261536
1879,122986.83152084566
991,235886.87175002953
1535,135922.60340659428
1191,135968.3499626874
1579,206441.25636222895
1882,127976.15620844066
1510,143688.06627572956
2196,131670.41558982574
1845,183782.5335155948
2336,401749.3076298187
942,86427.04761245936
861,131832.63115693617
2555,134487.32673074212
1392,160058.40895816826
2099,255814.3015378735
1543,118043.79618408787
948,296122.30248478986
1239,180615.28604553358
22,181103.13630307541
2796,240070.42091160367
2747,178070.33764859976
92,287918.19982575526
210,168500.712049781
1858,200723.49116461113
2228,159875.19266004022
447,226558.5642045632
827,241282.84949899098
1649,186971.0769980714
682,135841.3663296967
2698,95950.1846138597
494,166427.91234907787
214,68804.74697289777
2441,239481.56968851044
2679,114055.28540755561
1336,122394.49181860281
465,168634.0276584147
1524,156417.01949212147
2543,108748.55651484938
631,142440.19163923446
2452,318653.9840044024
228,150780.98707621076
126,183526.40735881712
1092,229549.53953096713
1122,223647.45805812924
932,222479.9794170633
1980,80246.2714444776
2171,111382.80325166887
551,159431.92161618022
2768,167561.39629642802
2056,113330.98930584599
1159,358432.8383573603
2645,107542.2651193583
1174,175363.05709407353
2266,204592.12442650794
2462,417369.17819850956
1219,142526.2540749635
2922,185936.5017792262
118,144877.3496512603
474,159443.13865093922
2576,143326.8036168298
872,281947.03029346274
1077,198490.84848439592
1536,149836.502984314
1150,110260.7411971687
2341,331153.4980279757
1931,164668.64597206478
2785,134743.4333868574
2538,128671.47091762138
597,205506.98365692655
464,183227.25775619812
233,226961.92819006025
2169,133549.98143975483
2123,171092.5824785939
1867,170356.33871058637
137,258351.89823168764
515,250008.15093040495
933,108671.21477532461
2784,168748.86307337278
972,164033.4490515907
599,175763.74264598676
2614,120209.94147754631
2582,148836.77885095263
1409,159943.97362142632
175,113101.99844867813
352,223203.00549127496
976,88027.52879102154
2134,185744.37197969118
984,122510.57561294279
2396,359546.3740848531
1673,131817.0897020145
404,123170.46920965277
607,167401.50113761536
814,143071.60837953637
868,169482.55054275246
2271,188791.88912788258
1633,231045.0207979441
337,145432.9259151927
2765,182511.32264923735
1746,236076.23434648968
368,338652.8412184024
2806,203330.115823238
1662,188151.49661018717
1234,208845.07256890295
1373,120148.25720890751
1672,119284.36117976943
1939,117820.3816683741
