Id,SalePrice
2658,1.951002628793306e+19
2718,2.1085582255276016e+19
2414,1.833233463380786e+19
1989,1.7693419118390723e+19
625,1.9150819471361757e+19
333,1.7364573357333869e+19
1327,1.8111093287493732e+19
858,1.873859753016566e+19
95,1.8925392271906894e+19
1568,1.865792490007777e+19
2482,1.8529336704834474e+19
1364,1.794282936556448e+19
2584,1.9064851502359486e+19
818,2.1636054802825097e+19
2673,1.9462412852180115e+19
2089,1.893798017374525e+19
1297,1.8508443309682282e+19
790,1.8036357458409572e+19
2616,2.042498837125304e+19
720,1.9199974834887414e+19
222,1.7838591540653662e+19
557,1.7346741163263922e+19
1148,1.9681323963325e+19
2766,1.7774975186876957e+19
534,1.8537572979118006e+19
1452,1.7336963041558299e+19
630,1.9668227619575374e+19
2648,1.9410610725493047e+19
125,1.7993644336760822e+19
1904,1.636324235066227e+19
1670,1.7315710469230103e+19
756,2.2421392456056926e+19
717,2.152556652822492e+19
1032,1.8436193326109594e+19
852,1.948194277826972e+19
1731,1.8160522421432818e+19
2639,1.931604541171746e+19
2071,1.7776100584573766e+19
1267,1.7510299098817198e+19
1851,1.90447805682648e+19
567,1.7712584740088513e+19
2439,1.950600497703823e+19
1898,1.89105174792169e+19
647,1.898991886412289e+19
2256,1.9521690547745956e+19
979,1.8205311470755535e+19
1444,1.9279040614657982e+19
2485,1.7678724887972463e+19
157,1.7530003267553925e+19
88,1.7951730198117226e+19
2003,1.8156549695585405e+19
186,2.0549908164791456e+19
1425,1.988515934561287e+19
2695,1.8241539087829457e+19
738,1.783904847563272e+19
395,1.777752956697452e+19
1353,1.962601035689657e+19
1878,1.88646389822251e+19
390,1.8474431492200067e+19
1456,1.952118261778047e+19
1103,2.1225959687316263e+19
1387,1.8258184884044898e+19
2070,1.81875568887947e+19
1199,1.8921387318579216e+19
2479,1.8737438999280787e+19
501,2.1015262735811297e+19
2362,1.7311615631436898e+19
1718,1.8820386759634383e+19
2188,1.7024624198260355e+19
1483,1.7283455535946742e+19
2557,1.6931800803305363e+19
437,2.1556537389396316e+19
2224,1.9427560659057725e+19
1628,1.8455289520835224e+19
397,1.798278245136045e+19
587,2.0265178379733185e+19
2182,2.815520703551333e+19
971,2.0433856207085883e+19
2611,1.8491497389764354e+19
1887,1.7392939585898734e+19
2399,2.0454443049266184e+19
2148,1.9371816920084435e+19
304,1.7637261830712066e+19
1997,1.8081278640124762e+19
2817,1.8261256295789548e+19
1431,1.8637523425166156e+19
427,2.135480325559675e+19
263,1.7394143546002915e+19
598,1.8890234244004e+19
2895,2.016779817644474e+19
687,2.420490017550826e+19
1822,1.778112308697851e+19
2191,1.819689152339993e+19
179,1.8049966815568923e+19
1009,1.859954627232824e+19
2010,1.7951573052139184e+19
1991,1.888950334385087e+19
1411,1.9537093541541863e+19
1721,1.967315057857017e+19
1144,1.893134900402029e+19
593,1.889923372622821e+19
575,2.0130026170726437e+19
1249,2.0492699238108434e+19
1604,1.7563503855759034e+19
1064,2.277947208253818e+19
1923,1.8622847748584964e+19
1988,1.7352288244417794e+19
2325,1.8367200896595542e+19
114,1.997504080795592e+19
2700,2.092345179639087e+19
217,2.0635501256054645e+19
343,1.9282047622402183e+19
386,1.9620258087423988e+19
2005,1.9075835428581028e+19
2908,1.8272402085519917e+19
1814,1.9488535520654254e+19
2446,2.4211511989932364e+19
208,1.9470277884535116e+19
1679,1.787473432312475e+19
822,2.0280814439775384e+19
6,1.891903986498383e+19
1781,2.1101730868097384e+19
2397,1.991929622978276e+19
2340,2.022990818919657e+19
1618,1.845412354456879e+19
2843,2.6096516013192294e+19
1061,2.105405357016532e+19
2786,1.7331317556850379e+19
1935,1.782141166121885e+19
1341,1.76173210825784e+19
521,1.9601401162444354e+19
2136,1.7888118211102505e+19
996,1.9004563290895245e+19
227,1.8170226125288573e+19
135,1.8226410372170131e+19
1167,1.8551948769046196e+19
294,2.0335189251586154e+19
1776,1.906631825002408e+19
540,1.8189318269701261e+19
1717,1.8835411548251697e+19
2303,1.7169558160981641e+19
116,1.909361142662174e+19
127,1.7799955927976194e+19
1371,1.8398443797114903e+19
1014,1.9397019205620064e+19
1507,1.7958448677752396e+19
702,1.9674355341963006e+19
750,1.940837383114274e+19
261,1.8150033593063594e+19
1559,1.6738675444514947e+19
577,2.0318851192982446e+19
2812,1.9046496894504075e+19
2080,1.902804840665036e+19
1368,1.8335494478275793e+19
2376,1.7487120140229818e+19
659,1.7096078961229687e+19
1235,1.8142066646500033e+19
332,1.736380399741847e+19
1917,1.7598814598152122e+19
2094,1.9789234938300944e+19
1460,2.041943968835677e+19
1471,1.9468728396500644e+19
1509,1.7874269139166263e+19
1922,1.7870738369648718e+19
433,2.3480594393561874e+19
460,1.9345398767199654e+19
1116,1.973475955836387e+19
1137,1.8196147276268558e+19
53,1.8282153066974564e+19
2354,2.0372010630757085e+19
1475,1.9312472255731954e+19
1761,2.6723435290125808e+19
842,1.7770361095412781e+19
2739,1.9387248688560804e+19
2509,1.855909799567054e+19
1007,1.972853544796742e+19
2610,1.9377340387675644e+19
1952,1.672412017374278e+19
2719,2.10102924946839e+19
2921,1.733361541098849e+19
1966,1.86159594431536e+19
292,1.899238081100184e+19
1204,1.988285102799274e+19
1829,2.058146149128524e+19
2419,1.8431125644409432e+19
391,1.9003082397939544e+19
798,1.7921509160846635e+19
481,1.8514457540950688e+19
193,2.016780539945438e+19
555,1.7534559426365346e+19
899,1.7612572230861658e+19
2357,1.8870959048834036e+19
328,1.7625194249034684e+19
1356,1.708921171043051e+19
1154,1.7317647455232944e+19
1730,1.846626635919769e+19
2249,1.7499956974590153e+19
1119,1.946873047581009e+19
2856,1.8716918554541556e+19
1394,1.9060338999894106e+19
2587,1.8293626379862667e+19
61,2.1637769994275287e+19
2661,2.031884108172255e+19
2711,1.7574129374545234e+19
1147,1.8987256746712056e+19
757,1.8277072806222998e+19
2623,1.7922867408097767e+19
2378,1.8506158367141736e+19
1413,1.783843277764686e+19
1722,1.9074599701022216e+19
1112,1.949444700272671e+19
1623,1.9142654571496972e+19
1201,1.9478743930788823e+19
1513,1.8314779442310638e+19
957,2.1112596854710825e+19
1171,1.96955713932077e+19
1145,1.905350783197995e+19
2726,2.039538789636532e+19
703,1.8191290737869457e+19
760,1.7430341996712763e+19
1964,1.7939320097764352e+19
2512,1.8281635304461718e+19
159,1.8006648202602093e+19
1281,1.9389608468272935e+19
468,1.847064001913626e+19
290,1.7311723649631674e+19
665,1.728269167043052e+19
1463,2.0583225370842034e+19
1792,1.972926167006893e+19
923,1.8735410942581613e+19
500,2.088415047203203e+19
1408,1.9539634884490547e+19
331,1.6428155598817501e+19
170,1.969146308743589e+19
2192,1.7015956700970363e+19
2571,2.7285346496954737e+19
2314,1.8362490138347903e+19
2647,1.7267650897642433e+19
422,2.24595672861241e+19
2457,2.1496139173977227e+19
1838,1.8982646934461706e+19
2805,1.974392411198523e+19
1645,1.8752495606660817e+19
1711,2.086443173562377e+19
2825,2.062786256414277e+19
322,2.1264867880175043e+19
2103,2.0023469883754287e+19
342,1.7429310655836991e+19
600,1.7459918371896218e+19
488,1.9414836384723796e+19
1725,2.0779518590248382e+19
2246,1.994372815358131e+19
2847,1.9247638233804042e+19
806,2.0044575912956252e+19
530,1.989723100522453e+19
963,1.9193699375551525e+19
2678,1.7764187930376147e+19
171,1.7801071957354254e+19
2401,2.2423629624981602e+19
805,1.9685857181937066e+19
2259,2.212707867787822e+19
1748,1.818384859655863e+19
1361,1.8545754332855017e+19
1677,1.7771210618482967e+19
1406,1.812227300192337e+19
2322,1.9691245667645116e+19
688,1.9391558305632055e+19
143,1.8882060396428067e+19
804,1.936765032389095e+19
1214,1.8902527760303e+19
2828,1.8054474910324095e+19
1999,2.076925860720232e+19
2467,1.8644180682385256e+19
2665,1.932975968785892e+19
1538,2.402736672820623e+19
398,1.73638106103232e+19
2822,1.8424536197573659e+19
2157,1.730992746032086e+19
1856,1.9161883737458086e+19
1269,1.7959815449297555e+19
2570,1.822676672165843e+19
2320,1.925437273371374e+19
1517,1.848498332806053e+19
2304,1.7726073190546872e+19
1312,1.7421763577430847e+19
2012,1.8035400481139612e+19
506,1.9453524180581614e+19
2865,2.072145254319539e+19
2367,1.704505563365701e+19
554,1.7095180646897433e+19
238,1.8304528485843714e+19
1954,1.739874874807991e+19
2488,1.9496875615418372e+19
2291,1.7337814889099241e+19
1969,1.753848281141902e+19
2725,1.9302832422706078e+19
1482,1.728345553594674e+19
2763,1.8681450561446093e+19
503,2.0087282569480266e+19
1584,1.9298052383570543e+19
1531,1.8753833450827174e+19
2210,1.9694358600104403e+19
459,2.080512270201772e+19
556,1.7745397312367088e+19
1347,1.994091781379098e+19
1290,1.669966591325093e+19
1388,1.7828172369025968e+19
1571,2.021148937883066e+19
2754,1.8795066718085947e+19
765,1.8330788366273417e+19
2494,1.7851469541003583e+19
2870,2.0814004388047135e+19
7,1.8953656787933802e+19
1114,1.9762433415673954e+19
2418,2.060829861774782e+19
291,2.0891217903660134e+19
18,2.0723210069023724e+19
39,2.099970182659299e+19
1001,2.0123595287631147e+19
2442,2.0359763396872663e+19
616,1.8186023498710395e+19
2680,1.715688304668897e+19
1414,1.8368943584302651e+19
289,1.9227196650257166e+19
40,1.9660366655062163e+19
860,1.7465776969414902e+19
409,1.7688318337605278e+19
673,1.8840252316397322e+19
2427,1.8274068870280802e+19
2036,1.955331819054126e+19
2564,1.9282354777899975e+19
642,2.077911484246069e+19
1008,1.9028739969942766e+19
1908,1.9540543170370544e+19
2519,1.8540350189866185e+19
1369,1.699199261394981e+19
2855,1.9261485676568863e+19
712,1.7080219971706434e+19
1943,1.8874161576805003e+19
1958,1.8103378779015301e+19
107,1.7095500497619331e+19
2295,2.0085111017302065e+19
704,1.84272385067438e+19
676,2.126675556577367e+19
259,1.8904328020968858e+19
93,2.0825806388986802e+19
106,1.9465659802676085e+19
2315,1.908849980203684e+19
1050,1.7457628755373253e+19
1095,1.8468213793213202e+19
2709,1.8011299968749154e+19
758,1.949903000432266e+19
1496,1.8138031910076662e+19
2370,1.776624964801738e+19
2458,2.003123090686079e+19
2733,1.8978442733550432e+19
161,2.3008643914349527e+19
726,1.8557149525997584e+19
845,1.928801794181232e+19
947,1.9896720578665775e+19
2232,1.883498697117189e+19
2563,1.8855894895662436e+19
2299,1.9888034660485296e+19
211,1.7853259045477423e+19
605,2.0444034950430646e+19
1478,1.8572306884468355e+19
2247,1.9954889348428804e+19
2274,1.973722039514239e+19
2869,1.993704407790401e+19
967,1.99131479247557e+19
2656,1.8351134179529155e+19
667,2.1249438302424883e+19
1042,1.7046311954381214e+19
2023,1.952954482066729e+19
2447,2.2241985602269065e+19
2055,1.733247189179214e+19
2275,2.0426433594427544e+19
2204,1.8525299436502626e+19
1563,1.9973900251782316e+19
483,1.886580384309719e+19
796,1.7852671384047862e+19
1526,1.8923463504767537e+19
2042,1.9498859713107546e+19
442,2.0538116325659947e+19
1693,2.1086599907167605e+19
1468,1.952948499396169e+19
1430,1.9777347445517128e+19
2605,2.1676612381592965e+19
1529,1.854407058789332e+19
335,1.8444432080867443e+19
1287,1.8378278643473568e+19
31,1.7321372560848957e+19
1785,2.0281076245137162e+19
82,1.877310089898913e+19
2620,1.872557535074845e+19
252,1.8576634691469394e+19
721,1.7180218308228004e+19
2165,1.8922202697173918e+19
2316,1.853859252030722e+19
775,1.7317370758410095e+19
1558,1.7453229347064412e+19
17,1.9424278694781276e+19
1022,2.0327027815112077e+19
925,1.8245076691513035e+19
438,2.0245549119740133e+19
1270,1.953156561667475e+19
1272,1.7838579074833854e+19
215,1.9084447110982595e+19
266,1.9365412584692716e+19
2402,1.968089575630247e+19
1250,1.7641185108047176e+19
1984,1.8225915170636042e+19
1279,1.899498857051741e+19
377,2.1910253073853235e+19
1252,2.0399836361716457e+19
2156,2.031788867579321e+19
499,2.1420167990561735e+19
1374,1.7963668477630368e+19
2898,2.1226822684406256e+19
401,1.7285315450350205e+19
2721,2.030908647118645e+19
2078,2.2618839889979482e+19
2589,1.7770758589937211e+19
1946,2.2416409947792384e+19
1334,1.800198829704954e+19
2781,1.9604526645095084e+19
431,2.1289493689278173e+19
576,1.8593206545780134e+19
1474,1.9002731373402108e+19
2254,1.7365686658118697e+19
2155,2.0071883697324704e+19
885,1.8219125159874122e+19
643,1.7999628449828153e+19
1944,1.7429479577243636e+19
480,1.8783815737453777e+19
2845,1.8426980484887665e+19
2387,2.07895615141682e+19
2407,1.902727010196596e+19
2527,1.821240339184695e+19
2514,1.7300871611528925e+19
629,1.9142436980296212e+19
80,1.9302198969122247e+19
1876,1.853026751126312e+19
1546,1.7651443857637695e+19
2518,1.8500066464246333e+19
2347,1.813936789806587e+19
783,1.9415337105850585e+19
1322,1.7614297819518112e+19
194,1.7007528478459542e+19
1770,2.113822369349912e+19
2143,1.735388707106702e+19
1229,1.930020060915948e+19
511,2.017903441913152e+19
46,1.903092076427382e+19
1348,1.9369547839786967e+19
2465,1.8542533814453998e+19
387,1.933817603257134e+19
873,1.92361917101836e+19
1918,1.7859290535368882e+19
2764,1.9501672313070432e+19
2184,1.7476406968364243e+19
934,1.7674327786928835e+19
1920,1.800032945269976e+19
2631,1.8019254341377931e+19
1768,2.641920353472451e+19
2040,1.846786460567983e+19
1749,1.9504816135224484e+19
834,1.925218654611952e+19
1457,2.0526482446285574e+19
79,1.6923055980330586e+19
2302,1.7173730569350095e+19
1817,1.7413160908448754e+19
2755,1.9881414248614044e+19
359,1.843545710962096e+19
2059,1.734813370922863e+19
2092,2.0448842061713814e+19
2516,1.9736950869445206e+19
150,1.8025683393058404e+19
1656,1.8645692523402146e+19
83,1.784355878029517e+19
2411,1.8886452017702093e+19
795,1.7248442447974134e+19
2312,2.0279156920266416e+19
2917,1.6548676724367172e+19
1624,1.8482777138412814e+19
2215,2.3502079951219667e+19
1211,1.8271028824751503e+19
1485,1.7287667196516727e+19
1024,1.8535142122891203e+19
570,1.866317278774371e+19
2874,1.8164151986253672e+19
700,2.1105229110041895e+19
2756,1.947337479694812e+19
2022,2.0458051834612027e+19
583,2.0155342432526918e+19
2392,2.069958432432145e+19
2424,1.91926302050264e+19
212,1.8877031924210577e+19
736,1.8335816165668729e+19
1610,1.993486463433681e+19
890,1.8317324647643832e+19
467,1.8413641161888494e+19
578,2.14475323330643e+19
1747,1.8191027472417038e+19
1149,1.8464266736452755e+19
2758,2.067289661099479e+19
857,1.735186849685468e+19
2219,2.204133612075362e+19
733,1.7639420606427412e+19
2909,1.7855676701702238e+19
1798,1.986899881571276e+19
235,1.8926089816930873e+19
2366,1.8194366154406156e+19
1027,1.8027188049047454e+19
1195,1.7433522343300602e+19
1303,1.5775093296135811e+19
148,1.9781226370659394e+19
608,1.880560556561698e+19
2515,1.899952725961221e+19
821,1.992119182828927e+19
2500,2.1034662231144034e+19
745,1.7775446678588453e+19
741,1.8966858853163155e+19
1611,1.9664572958922682e+19
2532,1.762110565778913e+19
1081,1.93599241672037e+19
1692,2.2458828048477643e+19
2520,1.7933364669160954e+19
276,2.0047248061070574e+19
1992,1.8523299035114807e+19
663,1.644371438848335e+19
418,1.7273093608970025e+19
1733,1.8865990112172564e+19
2359,1.8143619928437828e+19
253,1.855352497759838e+19
1518,2.543408221389582e+19
2035,1.827198018242553e+19
2919,1.7342025194491464e+19
1540,2.04146056682967e+19
2120,1.788414429552516e+19
1674,1.89459637136507e+19
256,1.7991218440828436e+19
2361,1.7335539492798919e+19
978,1.6542980196589498e+19
2280,1.7342612840132364e+19
2095,1.997719282036016e+19
1709,2.0922809441489072e+19
2801,2.013749843716038e+19
1246,1.7395857521124694e+19
2373,1.7044247040627188e+19
1055,1.9756216736241873e+19
2017,1.8233621908629744e+19
1099,2.0468767236351128e+19
1344,1.7142317160746138e+19
835,2.0079141881559618e+19
1117,1.925976141055441e+19
2043,1.72524414366042e+19
2085,1.7733910343631004e+19
410,1.8645789935894438e+19
2650,1.7677337947695866e+19
2867,1.9561192219619906e+19
1668,1.7558184717481153e+19
1161,1.7764024061516171e+19
2122,1.8345223960824801e+19
2539,1.8172021577134838e+19
1047,1.8059287622741967e+19
1445,1.7468656105838678e+19
541,1.8204772153380626e+19
569,2.024713463637278e+19
1276,1.7231623997955234e+19
918,1.7738340894605226e+19
326,1.8981480624231186e+19
1936,1.736150573520853e+19
895,1.7309036045048562e+19
257,1.7701510510001537e+19
1241,1.9733218689833546e+19
1545,1.752216057550278e+19
1189,1.870108868859808e+19
270,1.7295272524882751e+19
2066,2.188138481031627e+19
693,1.7815651319261374e+19
1259,1.9024253543931785e+19
2916,1.8917386190720745e+19
2321,2.118710841980824e+19
1977,1.7854835734722187e+19
1895,1.8933016398207947e+19
1240,1.871684611590415e+19
85,1.8341839536825416e+19
1823,1.820156777954954e+19
825,2.0645675698595774e+19
110,1.9476966814362132e+19
697,1.8152510570698678e+19
2297,1.7123392916798618e+19
1231,1.8309079643644795e+19
1355,1.879947156161912e+19
968,2.0640587907185463e+19
584,2.032203575063317e+19
1315,1.8697234547945083e+19
1606,1.7179448450287925e+19
206,1.6998600004416561e+19
1685,2.0580642025075122e+19
2016,1.867240165591637e+19
869,1.946270219155065e+19
2135,1.7449661856862917e+19
2346,1.8652949767141057e+19
2430,1.9512356540855366e+19
2198,1.7080448407905804e+19
2652,1.7657748063244085e+19
27,1.7385847626651705e+19
241,1.8519612055503303e+19
906,1.8114997514129631e+19
1506,1.7304531947239492e+19
2098,2.209432249228149e+19
1435,1.92198794016372e+19
2213,1.8552121403581817e+19
1274,1.820587692562638e+19
743,1.709869150375421e+19
1737,1.8962196505805726e+19
2797,2.035119093200953e+19
2185,1.8318548388667943e+19
58,1.8345348921475222e+19
830,1.8577293887193625e+19
808,1.9607781413889393e+19
680,1.9707621975028208e+19
1153,1.74217606303026e+19
1291,1.8333374455691733e+19
1818,2.1261314995153056e+19
2161,1.8382290604054862e+19
1883,1.8022678804087278e+19
350,2.3002353209715466e+19
2473,1.8222790193315533e+19
295,2.029461807879221e+19
293,2.165865783193842e+19
859,1.7357368474354799e+19
288,1.7352685509739454e+19
1578,1.8237884596949783e+19
102,1.8493196005386166e+19
2831,1.9157868436411564e+19
1030,1.929994577588978e+19
2551,1.8631187104741605e+19
1286,1.8817352758265913e+19
958,1.993077421962598e+19
776,1.7338164754594611e+19
72,1.9401786835168694e+19
2263,1.9767978512290087e+19
1866,1.8052830698792538e+19
2876,1.6559519634250594e+19
2146,2.0540551876502143e+19
103,1.8217952120312269e+19
1500,1.8042393878374926e+19
492,1.900424155301701e+19
167,1.831763776009689e+19
2597,1.7237384858222496e+19
2685,1.796556757756859e+19
1035,1.7877142056343738e+19
1220,1.6849625251239774e+19
2602,1.865622919511595e+19
2159,1.944286846135931e+19
695,1.9655628210312065e+19
1109,2.037908766721043e+19
640,1.8919764754589282e+19
1652,1.7912245808889491e+19
2090,1.957701252430236e+19
1188,2.0336274869077897e+19
2345,2.095092103735565e+19
1059,2.250707476029892e+19
2751,1.9977707659610878e+19
128,2.2010523117836206e+19
1523,1.9412447469001576e+19
2925,1.8572469970728047e+19
2145,2.120030177741199e+19
1121,1.906975556913473e+19
566,2.2343376519036617e+19
565,1.9230609750105838e+19
1331,1.9482140909082178e+19
2928,1.7695668089081344e+19
156,1.8007384171728333e+19
797,1.9417272178341183e+19
327,1.7360374780826075e+19
2859,1.8823025731545313e+19
1453,1.7032889564492493e+19
1762,2.19869251984673e+19
1868,1.9859365287304196e+19
1760,1.902484393605634e+19
1113,1.9755517760778633e+19
1812,1.9320212777247154e+19
117,1.9003754465781334e+19
1142,2.012877526203684e+19
2342,2.1206176678163235e+19
927,1.8027083184491522e+19
2478,1.9387398241292562e+19
655,1.7111765791442088e+19
2064,1.7389897810122932e+19
369,1.960903810701758e+19
2239,1.7833306779189991e+19
2732,1.936540821740788e+19
1653,1.8410652497226846e+19
959,1.8979650354368676e+19
2395,2.127847331033813e+19
1412,1.7333437401409458e+19
271,1.9823106519295988e+19
1484,1.7263789301294412e+19
1497,1.8252632524184281e+19
552,1.950525001975768e+19
2,1.7424127482349005e+19
1855,2.240723125890427e+19
4,2.1575331508725498e+19
2292,1.8004118530713856e+19
134,1.8711018968791572e+19
646,1.785090807764343e+19
42,2.018339668920549e+19
532,1.9602600900245684e+19
713,1.834131842278947e+19
2561,1.8521965298336944e+19
2360,1.7896887679585552e+19
1333,1.7982700188984742e+19
1407,2.095721940459639e+19
2892,2.115291434013527e+19
574,1.927239800105908e+19
1227,2.006301011094509e+19
2591,2.134094176258502e+19
1476,1.927526585323174e+19
1125,1.9869358756102287e+19
1446,1.7779808160789826e+19
408,1.7875422725141307e+19
1101,2.04328994017403e+19
2251,1.9162381837995938e+19
373,1.919460635349571e+19
2554,1.7932656303300594e+19
2382,1.989493965380725e+19
1985,1.762172402632183e+19
519,1.889171772292799e+19
1093,1.932694332595656e+19
864,2.0267594038295564e+19
2889,1.7803562430549776e+19
2308,2.0498581046795833e+19
986,1.8268873933699793e+19
1302,1.8666183123485794e+19
585,1.826033606956437e+19
2708,1.8005721865253616e+19
147,1.8511195371219796e+19
1441,1.9498045974520308e+19
383,1.968377899884209e+19
285,1.959295768890631e+19
181,1.8373208207733385e+19
358,1.8290847473080902e+19
780,2.145172106807261e+19
258,1.903756666816092e+19
1865,2.1177692121557377e+19
692,1.8034291790203394e+19
2902,2.1269861830350696e+19
508,2.018607649526001e+19
2638,1.943869613018229e+19
36,1.8528567819418825e+19
611,1.9326718613317857e+19
2281,1.791066550446178e+19
1678,1.780746444755742e+19
1696,2.309149472410036e+19
1557,1.7433122850452179e+19
2180,1.823811650768829e+19
1726,1.8913631716297486e+19
951,1.7548173665808218e+19
267,2.006026458262559e+19
2706,1.9108630610170823e+19
2221,2.0644394294450696e+19
1357,2.0121274490666967e+19
2901,2.107923151649972e+19
347,1.899813284910528e+19
2164,1.846519108358059e+19
1586,2.101011678743695e+19
360,1.8478790251173437e+19
1769,2.0000632613944988e+19
2617,1.937990515599178e+19
1879,2.022622055473984e+19
991,2.1582576885929435e+19
1535,1.8439957063150356e+19
1191,1.99345574886788e+19
1579,1.876176817949487e+19
1882,1.7646544756041964e+19
1510,1.8732059845695082e+19
2196,2.1368533363039584e+19
1845,1.848045899287747e+19
2336,2.1899596244496548e+19
942,1.7631464826497602e+19
861,1.7011806649315607e+19
2555,1.7948000667962825e+19
1392,1.9104739064912945e+19
2099,2.002346988374875e+19
1543,1.7223953125853321e+19
948,2.0839776998788006e+19
1239,1.929632970018451e+19
22,1.8334279698049825e+19
2796,1.9995790370001437e+19
2747,1.8802546734590333e+19
92,2.0603319332069794e+19
210,2.0100283066037015e+19
1858,1.8757270132918895e+19
2228,1.785222210872798e+19
447,1.952755703922835e+19
827,1.984648492174703e+19
1649,1.975910303528417e+19
682,1.8951375686008013e+19
2698,1.772470661434029e+19
494,1.8346623690639886e+19
214,1.9483342382213456e+19
2441,2.0558962837261226e+19
2679,1.7846981236172317e+19
1336,1.7633936256491006e+19
465,1.833814278457332e+19
1524,1.7981312248224012e+19
2543,1.7291303490851025e+19
631,1.8297936951722222e+19
2452,2.1160134050786402e+19
228,1.8119295539678347e+19
126,2.0264988900702884e+19
1092,1.904658818739965e+19
1122,1.9060312837369803e+19
932,2.0740401780273496e+19
1980,1.7963626099736848e+19
2171,1.7658157172146426e+19
551,1.819017045733299e+19
2768,1.9116452859367203e+19
2056,1.733522262347305e+19
1159,2.252702750626005e+19
2645,1.9799200648208065e+19
1174,1.8169486721390895e+19
2266,1.948373095735842e+19
2462,2.254771174204897e+19
1219,1.8214963258442414e+19
2922,2.016699827436472e+19
118,1.859406177018174e+19
474,1.8315787445130113e+19
2576,1.908449381269913e+19
872,2.0620745033125544e+19
1077,1.8944081084636365e+19
1536,1.8107786450047566e+19
1150,1.7549476414704157e+19
2341,2.061057240179749e+19
1931,1.8323036662903069e+19
2785,1.7690644832331223e+19
2538,1.79533266665154e+19
597,2.0154748325794337e+19
464,1.8734763809632436e+19
233,1.9318646110506447e+19
2169,1.7593233400482451e+19
2123,1.7915131803838548e+19
1867,1.87915457344291e+19
137,2.1915901134385304e+19
515,1.9421286914356638e+19
933,1.7190578268413553e+19
2784,1.8634123850566623e+19
972,1.8501386332732396e+19
599,1.8820294945240244e+19
2614,1.7353179846407594e+19
2582,1.7633885294033293e+19
1409,1.9381481690785882e+19
175,1.8795093445830636e+19
352,1.9434668069904613e+19
976,1.6547761885771786e+19
2134,1.8925267273845682e+19
984,1.7227524177369448e+19
2396,2.1026507239309947e+19
1673,1.6970648911496858e+19
404,1.8205651344710367e+19
607,1.8716981813816672e+19
814,1.858553374077886e+19
868,1.9059333362767843e+19
2271,1.9490821338622394e+19
1633,2.0211666992519016e+19
337,2.0958176146963775e+19
2765,1.9770108478477103e+19
1746,1.962660597681881e+19
368,2.1362394145996423e+19
2806,1.9104564378737713e+19
1662,1.9656290114879177e+19
1234,1.993407211473251e+19
1373,1.8398468335419867e+19
1672,1.7332543134251823e+19
1939,1.7530452332896854e+19
