Id,SalePrice
2658,146979.30751039312
2718,158920.76473704202
2414,213952.24246932584
1989,107158.46178019975
625,175271.1001788852
333,91349.32237937623
1327,111545.92591858326
858,153423.25884343957
95,180949.2611315377
1568,166705.82693345088
2482,149038.20449820303
1364,122500.01511533534
2584,142735.92566135473
818,296496.5100585015
2673,160823.67746713813
2089,128208.58253835197
1297,167360.93924443217
790,119099.29311423098
2616,193985.70377070177
720,173574.0697508333
222,149079.45075417537
557,121415.18064310413
1148,189334.58338711198
2766,160396.23189528513
534,170503.09937719084
1452,120650.00099096025
630,114574.45504173385
2648,116402.66911758887
125,162933.26170886107
1904,73373.83193115889
1670,105754.10035026353
756,92816.35868468817
717,240336.648999823
1032,157971.21422308538
852,207499.12481389946
1731,180871.96224130146
2639,118965.01382475343
2071,94248.05847623853
1267,109967.26595557843
1851,196086.8906626203
567,159394.0412635226
2439,200424.52197873505
1898,151101.65738095652
647,160660.4788103214
2256,211822.6987398842
979,93877.97750070105
1444,214188.630239876
2485,132640.48213180836
157,133895.8936663543
88,125506.96579432898
2003,105991.91686805032
186,206169.59111431512
1425,242337.2131880147
2695,122566.88337379493
738,102205.07852677382
395,158953.86170369165
1353,160608.61827661208
1878,138251.07747336273
390,163458.26472350024
1456,231408.4918986872
1103,324994.4469817062
1387,138454.69125564655
2070,139899.0660388824
1199,173719.65262207726
2479,168888.6533137412
501,307157.91055171855
2362,99124.22803292921
1718,198326.40564576534
2188,93056.49212605416
1483,155639.2276746201
2557,87396.99593186128
437,350595.7319876739
2224,202821.09733530728
1628,156658.8547203331
397,136298.9317883995
587,198634.36398997362
2182,704826.6628281414
971,131680.41545142588
2611,144853.39080811964
1887,105140.60972545622
2399,363586.34559729486
2148,194056.1578279787
304,125743.35575609932
1997,134066.65707158967
2817,100169.40996571681
1431,217747.34888073686
427,370421.16703220736
263,126281.14925917525
598,171720.95989982443
2895,233862.32094512886
687,147932.29610845816
1822,132430.03543108146
2191,112023.16084852963
179,130494.67366607673
1009,206839.74831483443
2010,125130.07728096025
1991,127884.58614501976
1411,188031.57061849526
1721,222065.38244472732
1144,191203.43853232902
593,214146.03997256287
575,313221.2589093264
1249,169546.1471299987
1604,131357.5645077575
1064,502202.30423671764
1923,154771.5965237778
1988,113285.05892400006
2325,164087.5091169156
114,199027.47686900012
2700,183447.20025862087
217,135246.19598992908
343,180045.53414671883
386,215621.83952330024
2005,117799.88681798367
2908,148549.1651330624
1814,230420.34267354116
2446,536559.2857953873
208,128058.73728689067
1679,105198.53275812806
822,335486.747515287
6,197958.22477402474
1781,425181.72030196676
2397,296394.98582562275
2340,315064.0542149402
1618,169832.28412784982
2843,129719.46671792335
1061,380140.0968314629
2786,123217.2143205823
1935,136827.75467617877
1341,113270.8425871391
521,270766.4527828095
2136,130710.15269375191
996,213777.37146077893
227,145083.51554830247
135,191757.7007136647
1167,163900.6562643446
294,228034.51295311758
1776,209065.18270335378
540,164498.79199024348
1717,206745.62485855448
2303,136757.55048010533
116,185047.09247642627
127,135327.11778140263
1371,129621.13880549464
1014,157996.9959839858
1507,108936.70634357037
702,125784.52433860034
750,153495.79108533895
261,148299.38456742791
1559,71849.46026757096
577,217202.50961888058
2812,192824.32370711424
2080,160873.2540141575
1368,111206.3295164832
2376,124892.66272889299
659,116295.48187142858
1235,135549.20538092413
332,78738.37373544426
1917,146105.2570349319
2094,247830.98163566913
1460,277456.0765030217
1471,221504.64861234592
1509,126398.91476494716
1922,138588.1369758656
433,502609.5128604894
460,253051.57869458324
1116,241670.75460434245
1137,167126.62664944318
53,158278.90573557024
2354,264064.47640307934
1475,188633.22246581689
1761,599730.5013325443
842,143281.15363216752
2739,177461.488876051
2509,142854.35715349318
1007,184520.40133280738
2610,179812.3708227758
1952,93859.37098159213
2719,165121.60960535493
2921,82256.81057181384
1966,153541.87514805116
292,110274.98670695422
1204,191877.65959174783
1829,253139.8597469792
2419,190820.0698551831
391,144074.79134567126
798,111958.09297694011
481,191002.24362368285
193,194629.31026853717
555,115898.81075174862
899,71798.09589603728
2357,186225.61324160153
328,132156.5636887518
1356,109863.88182912963
1154,104618.2929257907
1730,178533.63891536318
2249,159857.16961987794
1119,290542.75040263095
2856,139532.74188136164
1394,129658.91947854763
2587,111939.10468266359
61,333001.5505414074
2661,184632.94971417912
2711,133717.82647573063
1147,167444.86484070803
757,120026.98966370322
2623,109871.90052846172
2378,136731.7506857126
1413,147817.11675053346
1722,208338.61122865393
1112,216307.74465956018
1623,198562.68100254633
1201,195252.5818583954
1513,114617.47721805792
957,392715.32923940325
1171,260976.49166932364
1145,189973.8634904948
2726,228260.69877892733
703,149895.65876918167
760,93627.48073342694
1964,153752.27554022864
2512,169017.13905079206
159,151987.10563462248
1281,160061.60948828142
468,177852.7661196348
290,120046.576666967
665,92873.3662747928
1463,260557.33100436203
1792,227027.91522048292
923,177150.027164068
500,280491.08306725667
1408,193580.89909828655
331,88284.71885002418
170,114219.35156672771
2192,100972.52934055457
2571,322172.5916814364
2314,175072.55860354472
2647,86245.34357218444
422,440299.6876252665
2457,380968.3320611651
1838,203285.487439879
2805,265792.6668995913
1645,155023.1341185559
1711,292272.1976778008
2825,238798.94945914042
322,341541.5809484207
2103,263575.04850979656
342,128416.23695350206
600,131120.25430511904
488,174900.20369691052
1725,323731.20975703734
2246,304938.09668645036
2847,154073.41654990544
806,232058.56515809114
530,233600.66780066185
963,182633.37568965112
2678,93358.47322454295
171,86827.44796032798
2401,431157.7879846662
805,220407.63138294357
2259,235025.47504937183
1748,176608.45011209522
1361,140832.45554577128
1677,110129.36066259681
1406,152467.26241358262
2322,250611.99974909078
688,155118.25257223385
143,149057.3652763181
804,199243.3584795375
1214,199869.89408743475
2828,157186.35712130112
1999,190936.05492900647
2467,208635.54387128548
2665,162226.758696844
1538,388189.0545685989
398,122911.55813326554
2822,145637.7289383845
2157,135950.15641929852
1856,186156.44868233593
1269,95350.70199369483
2570,114153.78959264423
2320,239554.0551647626
1517,131179.45385002653
2304,131734.7001980364
1312,95522.2010660174
2012,125379.62418780805
506,231411.13914022606
2865,209381.98959249925
2367,97265.79310123218
554,90135.1489838127
238,138889.5447648298
1954,100723.59521967807
2488,126178.90973577317
2291,75186.84817963181
1969,113777.29414298208
2725,172955.10410980452
1482,143343.86611432722
2763,196627.4736971322
503,248433.58589319373
1584,239637.42922989678
1531,148770.571821787
2210,173165.6661287999
459,338466.0322272761
556,134196.2297291753
1347,123380.23895563772
1290,78715.27057262498
1388,103493.99182034303
1571,313145.23072388954
2754,203885.4251045634
765,149738.62766763679
2494,135505.30999847734
2870,225880.84273546393
7,219357.27759079705
1114,246020.6268295376
2418,280588.3209120853
291,116900.88154129178
18,357481.6838411621
39,370983.32850600034
1001,258299.11399455313
2442,225866.46248574072
616,115412.25518559455
2680,87576.90763714018
1414,124887.11980249011
289,141903.75666855325
40,258623.32059475148
860,120604.71733630114
409,137450.1869545743
673,156841.66824822727
2427,183595.5278401468
2036,208907.847164108
2564,141805.28935038048
642,149546.54703453922
1008,170807.83823562128
1908,139160.82169841017
2519,199154.6632914475
1369,81881.30698136681
2855,176020.9109691696
712,102715.58838091843
1943,117174.5567820076
1958,115298.40150257031
107,153886.6579796166
2295,207822.8979540829
704,107488.16963060183
676,150933.89070844578
259,178612.36594845552
93,286213.60609365813
106,244509.54006253474
2315,180580.62960941036
1050,98096.30495654911
1095,196020.69169598276
2709,145852.1867971994
758,127279.83129659019
1496,156479.70318150157
2370,115880.51938263251
2458,286299.2996354114
2733,134635.3629787683
161,271427.75193340407
726,148903.09047060242
845,204365.80951708512
947,248847.25581887376
2232,106311.4481427114
2563,143080.53692084318
2299,146068.04169800616
211,93052.86019770829
605,157620.16605877312
1478,194261.10739394062
2247,298826.9571298423
2274,225103.62125510277
2869,206170.60803691915
967,207722.7610620737
2656,128654.94238038643
667,214737.55726576116
1042,113741.04502859057
2023,158295.00304210698
2447,396533.5014809747
2055,136359.96787518708
2275,300235.6423777641
2204,166486.49489735844
1563,290428.30805895437
483,200709.74525319392
796,120396.73612854048
1526,156976.66594452795
2042,136924.21511725432
442,346173.8175784019
1693,323712.18392955634
1468,215312.71034636642
1430,197167.1811867202
2605,145230.01080173207
1529,196820.88641000103
335,154537.23983641277
1287,125965.45926586568
31,94689.07464986232
1785,319219.1025430467
82,159707.99810863775
2620,129088.18306438328
252,177971.18578615808
721,60803.07294358252
2165,186100.30066290096
2316,192284.7744567044
775,123176.86970967853
1558,67339.54592087431
17,214028.40980324577
1022,221058.13018346654
925,132686.3926515394
438,281406.73459101596
1270,147011.33431733045
1272,132506.5479645554
215,123920.47258092999
266,228425.27178940788
2402,280285.6455881859
1250,128317.41944899858
1984,121127.52274600629
1279,142661.7302759397
377,244870.04328376707
1252,108785.73987892417
2156,266804.6977026613
499,324000.4074264097
1374,123525.38454276769
2898,258078.36989104305
401,117770.0820242728
2721,152114.9894697156
2078,228444.91337893216
2589,126704.99569319084
1946,238468.19583756698
1334,117279.42933510785
2781,220004.24657043247
431,405267.33642673533
576,196726.79246861636
1474,205873.68591098496
2254,145480.77563878373
2155,278393.3079023877
885,100074.71938371903
643,142038.9778133877
1944,122651.439126164
480,195251.65109002232
2845,95997.47866913636
2387,326493.76741895336
2407,206415.38721085433
2527,171964.51743156073
2514,144666.2968452551
629,150250.8744577044
80,200505.0546985002
1876,138213.49344424665
1546,131591.98911365648
2518,167158.39210726746
2347,150556.6178320063
783,221370.61546521258
1322,46454.24481712977
194,87177.82054439119
1770,291228.8380413145
2143,152292.4565018356
1229,226006.211489596
511,285681.4916898041
46,226973.16263160788
1348,156244.47434544185
2465,205913.81433811912
387,236156.18670625554
873,215881.60977378403
1918,134913.55855428305
2764,227863.7942138674
2184,135701.7882767266
934,132819.4669279496
1920,133019.7010670669
2631,160427.99567211122
1768,645918.2442820919
2040,116139.05481137909
1749,212539.09937398293
834,250011.3929931462
1457,225780.04177208344
79,125223.57037306644
2302,143224.9079988418
1817,153352.2864075853
2755,239554.33185957122
359,172382.863253098
2059,106587.3438174312
2092,232884.25295558147
2516,217289.51666342327
150,116625.53948057
1656,142972.99112095477
83,84865.80497510935
2411,182962.63349565314
795,84782.14879631498
2312,225769.1349352693
2917,98240.10434412837
1624,170239.58288813694
2215,305912.18275706354
1211,162178.61108510176
1485,157400.28506048082
1024,172221.3659116374
570,190425.79058281067
2874,135587.24764515777
700,116619.02267503986
2756,217781.87245973747
2022,182429.02714967311
583,235376.4413335485
2392,370080.4531297197
2424,169877.86735848468
212,118602.99484389416
736,130910.05789565266
1610,168534.73311235674
890,121359.34185410288
467,172425.8804054338
578,213117.87335516943
1747,195660.8136530461
1149,149815.21937286112
2758,255150.3109371939
857,148566.40423862886
2219,273575.1684340622
733,96332.78791046917
2909,106589.69394121088
1798,278531.80959201825
235,118298.72227307127
2366,115566.8291816786
1027,139393.66726646386
1195,139435.4282667471
1303,58834.20138966097
148,190114.32884766097
608,162628.70072004347
2515,186964.79854095014
821,281517.7603350822
2500,254716.3720340986
745,111159.03796939684
741,121004.55044604285
1611,117766.48928208879
2532,129004.09254522368
1081,228619.03794257878
1692,472860.38260880637
2520,172144.09776078886
276,108481.46891749784
1992,133619.99735185492
663,74008.65820819719
418,133850.32990202622
1733,197015.91149903912
2359,155892.95430083663
253,176481.11428048066
1518,180160.2366860773
2035,139175.58143892616
2919,74156.52298741904
1540,242609.80661520443
2120,144853.6110242047
1674,158677.4410811858
256,158125.7450537081
2361,113418.01560534787
978,65449.157903803556
2280,144839.30090751467
2095,215790.53380804302
1709,338655.53666457755
2801,247768.99353939525
1246,112501.80685684962
2373,90964.38037407392
1055,299073.1706489628
2017,116741.77504832359
1099,266872.83328444057
1344,84289.4701552
835,193787.7880752344
1117,231018.81203631716
2043,87054.49394291845
2085,132715.0218761602
410,143722.5057875097
2650,113616.81060811717
2867,177951.48146199362
1668,119539.55714214293
1161,153748.12063441015
2122,161509.5159081027
2539,155402.6559597415
1047,139042.77596263675
1445,132901.88897304077
541,131350.07197454417
569,217490.50648821006
1276,119431.65490091982
918,157501.56123757313
326,169319.81854498468
1936,128524.68077252869
895,106185.89002270388
257,162945.32583881987
1241,183355.61213202417
1545,129273.95805719518
1189,167052.98039695914
270,140997.5355835402
2066,171248.28115968814
693,110674.14100671462
1259,139856.85608626768
2916,154110.0975401311
2321,302636.7294974135
1977,96629.44710503725
1895,133739.55538333405
1240,170085.1794544935
85,153428.10284737183
1823,125423.14274636318
825,280468.2048863659
110,231823.05130655871
697,119413.11667480774
2297,121668.56751659102
1231,141036.24306777827
1355,133308.52817771054
968,341755.4762382286
584,242775.5979966694
1315,131631.3214446142
1606,148933.6917767696
206,97600.2908285288
1685,364904.2365173679
2016,137947.26729527977
869,205926.48952731726
2135,116747.66827153176
2346,182333.96790711462
2430,229153.94542779203
2198,94236.62312324221
2652,123702.41427350075
27,119778.5967745377
241,160932.2066246688
906,114656.2225258635
1506,124993.85393659666
2098,400528.48893543787
1435,226058.7442782898
2213,144403.78441901947
1274,133649.193642394
743,44063.062276519806
1737,196303.39849544098
2797,274182.9595965715
2185,69553.73074592339
58,169144.40943922428
830,196513.7014908927
808,113579.00633278758
680,144293.807756635
1153,114837.03774568604
1291,135007.57272213447
1818,139769.52294117288
2161,189406.9832127141
1883,121034.37849999304
350,355920.20851825515
2473,152563.55634236865
295,187205.30376119263
293,180216.11299403268
859,135005.62156408798
288,67094.06158701282
1578,148096.82792298615
102,187822.8997830707
2831,138709.72792352637
1030,161588.94724545372
2551,147916.48492419097
1286,151596.78839797265
958,323473.0622918538
776,135592.17661377465
72,240139.6992598382
2263,269961.24035297264
1866,167494.38128029052
2876,76294.8041986875
2146,248437.29610290343
103,168155.17348917198
1500,141525.65001138614
492,179170.2599872962
167,152487.91242500767
2597,120727.18175966157
2685,111580.47856108432
1035,159185.67727198842
1220,80918.55790552155
2602,151862.57761660224
2159,204125.6696584472
695,136388.1636888889
1109,256401.7481995974
640,191622.10461329445
1652,146248.22180069576
2090,184961.63956902496
1188,185424.5874509077
2345,229171.5590239238
1059,421644.4390058605
2751,243863.16095530533
128,198867.13542880942
1523,182213.77409639128
2925,189855.25267233243
2145,306541.70439583936
1121,229901.22004628123
566,265493.91904615273
565,232824.72334164468
1331,133311.45710908703
2928,131498.92687057063
156,141466.69280529517
797,140479.6144448325
327,90098.90764328264
2859,149020.75223462528
1453,128262.07951580515
1762,350429.53807900345
1868,202687.34532794976
1760,184206.40963005266
1113,239923.46256385892
1812,187763.97851878795
117,163103.42275083653
1142,202647.084228583
2342,405423.32489596715
927,154407.5418392358
2478,192041.06689153236
655,87630.3786407176
2064,120338.07202443859
369,259040.97427410397
2239,121656.24297529145
2732,220778.0390236054
1653,155707.58429667164
959,235824.4790024832
2395,350364.4782480366
1412,117814.68215675472
271,238019.2425932113
1484,145651.17142663116
1497,158056.42982076498
552,161847.02033383766
2,120107.04262272612
1855,300875.15465586557
4,270068.491330072
2292,150807.6739005117
134,138768.07784657174
646,99011.46849429382
42,312712.53298141086
532,230338.97255282503
713,97442.95094331012
2561,136892.73377446755
2360,131498.97071552987
1333,118219.54817036231
1407,229842.9632684691
2892,305714.02565592784
574,208667.5252887286
1227,180468.57538116185
2591,224162.99931126853
1476,209762.90574796815
1125,266904.010227312
1446,142708.7182701735
408,115332.01470576423
1101,288362.7569458053
2251,189256.9735987812
373,177908.41950028972
2554,135931.58880123313
2382,258216.18294886866
1985,87141.40988488967
519,238762.64393837375
1093,190393.5578977569
864,247604.29401243944
2889,151779.3664570759
2308,191005.6133291011
986,171720.98992330377
1302,147343.79739293642
585,154014.13680725085
2708,154873.22997393095
147,135007.71366867816
1441,218917.2215518697
383,196915.15814994398
285,151718.0025014914
181,102365.0837371448
358,178767.0393525333
780,168620.40788319428
258,190360.220481315
1865,228169.97902929634
692,111829.65323923697
2902,348739.89943039074
508,274338.1012638531
2638,149383.18859275142
36,139410.22947422048
611,178651.7406371599
2281,164405.06342449418
1678,119651.04290728699
1696,474813.8185172711
1557,82276.76899502391
2180,163611.91905700194
1726,215772.62999215012
951,145996.40074482223
267,224489.8164031652
2706,135048.3322070645
2221,243119.9782533404
1357,179076.4740967386
2901,318035.84371631034
347,170278.78096163264
2164,188565.52719544695
1586,314222.8950271001
360,144510.52308422816
1769,242826.66174728255
2617,149378.29477159618
1879,127499.32375786023
991,230549.62388644752
1535,125237.91675042167
1191,139334.008244238
1579,209807.907748812
1882,142748.2677073541
1510,135449.7646855276
2196,140936.18734748487
1845,173698.68387664852
2336,396596.73594157025
942,92620.58257687389
861,123107.74617043519
2555,123363.46728734227
1392,175057.3253217394
2099,263476.57298318215
1543,111974.54301374621
948,289398.16409904836
1239,178712.815391345
22,184040.6500603783
2796,241054.87880027556
2747,175311.6163940915
92,289827.3387504846
210,162207.82467704592
1858,202325.86483682075
2228,169586.32404449082
447,228990.59782429674
827,241710.97723941918
1649,203436.6962579287
682,140896.02249870525
2698,106384.01402345607
494,168874.20932858193
214,80374.43519168382
2441,246848.3975955016
2679,111934.58480750408
1336,121212.45923924076
465,170900.242456522
1524,157869.17617547663
2543,110588.2975582023
631,145461.2574317985
2452,317953.1531235679
228,160674.42507109453
126,178853.5022794016
1092,234214.11691110357
1122,218285.84687743886
932,227246.1589775656
1980,91846.7480972162
2171,117821.2196209051
551,158504.89526543985
2768,173689.44676540332
2056,112874.03902946692
1159,363180.06149454415
2645,116022.32870797714
1174,165628.89061400128
2266,201255.1549827655
2462,410283.7654155652
1219,147829.36696187663
2922,197171.85934766624
118,144554.45110125703
474,158428.3360827542
2576,150080.87450586117
872,286437.8479241933
1077,203731.51025795712
1536,145713.1995722689
1150,115769.42697427844
2341,336205.4740160019
1931,159597.59415212818
2785,136770.30204502266
2538,128972.72158030068
597,217792.50316821158
464,185424.40993205592
233,225389.03305883345
2169,139531.69147945728
2123,169063.2579713586
1867,174948.57981637062
137,265294.9627751136
515,254637.79214146896
933,108544.6029745848
2784,167125.58850083884
972,171110.39187088597
599,169583.06823722206
2614,125663.2515990586
2582,144181.38037307333
1409,161478.1289833847
175,97202.28085045562
352,234405.80696655344
976,88337.82113156684
2134,187938.16136390434
984,124083.750031676
2396,353358.9459935258
1673,134604.36693452063
404,120987.14677024038
607,162776.36244569253
814,145646.5897135564
868,183659.06697478666
2271,183634.30288710454
1633,231007.1594526191
337,159204.20119658255
2765,187147.55888908653
1746,231463.1678420378
368,340188.0389313772
2806,203604.51817047922
1662,200574.40246899205
1234,209904.508223463
1373,120615.13290331143
1672,116180.46126830994
1939,122812.48345713023
