Id,SalePrice
2658,138486.76014643125
2718,152438.4366682215
2414,213483.99410630335
1989,108535.21506212681
625,173538.01661993592
333,84844.78897718048
1327,116250.15687841884
858,158016.15806089516
95,181003.29316942027
1568,158881.69875101926
2482,149564.341533778
1364,121015.49366000449
2584,132199.69697764263
818,290589.8253722136
2673,153446.26184303084
2089,127500.44180480568
1297,173050.36073117293
790,120032.93727120565
2616,202340.33872932015
720,162630.86085012346
222,152495.259325128
557,123527.77021583906
1148,189526.41101809143
2766,167029.51133111556
534,168217.47655843
1452,125404.85872533762
630,116099.46418153367
2648,120107.64039497718
125,166877.27909849395
1904,86864.185187496
1670,106898.4021325773
756,92299.58985250919
717,236610.56545328134
1032,151673.48150077
852,207844.11447503945
1731,178942.769461119
2639,107654.07323464772
2071,107417.2620081512
1267,114138.21562090771
1851,197240.4008228848
567,161144.34555053836
2439,200426.71918693627
1898,151488.90378470463
647,160316.55713083633
2256,207868.97633356095
979,92328.72654233912
1444,214953.17112352082
2485,133303.53405856085
157,139669.7368683446
88,124720.08425757337
2003,106782.50052643607
186,201101.5254367201
1425,240263.61475320713
2695,129388.73057246878
738,110148.31672691606
395,157640.97957269294
1353,159697.5668336541
1878,136917.59467994398
390,155232.41947135708
1456,232880.40337288898
1103,329525.3425590438
1387,139103.0817475098
2070,140534.16501942635
1199,169133.51877812055
2479,169994.63798054124
501,327027.0443663297
2362,103722.32285480722
1718,202880.09947817755
2188,117319.80831905063
1483,157098.44344471773
2557,94177.0071446077
437,355953.98244325875
2224,218789.1341373473
1628,158931.40795529884
397,138010.84137198425
587,190933.2992524355
2182,697387.0881124107
971,130159.34953508826
2611,143304.14541080332
1887,107491.7500037678
2399,374309.1216535303
2148,191750.93484397436
304,121311.77378790491
1997,136337.96554013807
2817,103213.15832801854
1431,220597.9611983094
427,364568.67678011616
263,126155.14656961554
598,172803.53818951582
2895,210136.89894060852
687,137154.44730599108
1822,135443.69282394866
2191,116983.08495732123
179,120529.1870044161
1009,200921.3443112593
2010,143696.93944817004
1991,124882.05182035027
1411,188662.51568820892
1721,233467.46390711344
1144,192924.48150515973
593,203893.25741690694
575,324185.92972438695
1249,178160.42774113241
1604,121586.09551061451
1064,512889.5918092064
1923,154474.69201210013
1988,114265.14233639272
2325,169148.66704515126
114,195583.03607437405
2700,173654.49374097105
217,131493.0344984515
343,173302.3633169596
386,213095.8266474683
2005,128477.17200856777
2908,147332.79828933
1814,218825.75826178392
2446,543397.9068219392
208,124697.39417711974
1679,109457.95614856904
822,334151.32918306557
6,195607.05570476485
1781,425403.71509360895
2397,293542.75705490273
2340,316028.59532169456
1618,178353.8511787326
2843,119337.69860195277
1061,374695.1076852553
2786,125113.0732264748
1935,143867.70957166987
1341,113905.4579121841
521,265183.2899790552
2136,136752.0213266389
996,212192.34748038874
227,144634.85801783222
135,195906.35683279988
1167,170138.17803722213
294,219268.06529589958
1776,212928.90376152273
540,149793.71473745638
1717,203081.50932022178
2303,135961.6420013889
116,179087.9718698487
127,146358.1262903804
1371,132385.30740986156
1014,158888.17558241592
1507,110419.89035620318
702,119792.87360767505
750,147483.06325740664
261,148425.99568271276
1559,68856.92516393577
577,216755.81707560938
2812,192852.98657507877
2080,161197.63780408457
1368,108559.92909159827
2376,123607.2578144481
659,109589.32554123188
1235,138796.16874618258
332,73321.71092575131
1917,147176.49180042592
2094,252694.9505884916
1460,274876.38943819876
1471,222542.0123574428
1509,131108.08470320838
1922,138384.2285280183
433,520810.48416504613
460,257438.6165425452
1116,238635.46387955747
1137,157954.5925027201
53,160002.32284894757
2354,264386.4397243153
1475,192038.73806012864
1761,606955.3305861579
842,144902.95430736378
2739,185543.44867294474
2509,144298.6534938045
1007,187030.27668633085
2610,184632.74054807003
1952,99469.08938526777
2719,155481.58718023836
2921,73428.1645099712
1966,148090.38963226494
292,114092.26520156865
1204,186934.7205703344
1829,265800.46529497934
2419,185058.2277175056
391,137103.8712696205
798,103122.46807909702
481,192405.89248204953
193,200976.92306550243
555,115497.48837960223
899,51715.06457184433
2357,178031.94899422897
328,129585.00441759778
1356,106703.39706753119
1154,110092.1295153155
1730,180972.49600394277
2249,167359.3923016196
1119,289030.7569931642
2856,148223.3515228167
1394,129607.09400484363
2587,114574.40808214589
61,341585.74995962984
2661,182881.48877753303
2711,134123.71667649277
1147,169822.44609070724
757,129398.70068628492
2623,122730.93835323976
2378,138143.35218956208
1413,144511.21206401178
1722,202327.69108873155
1112,228066.9993612537
1623,196776.45804577097
1201,193138.99391871458
1513,117659.9161403811
957,389819.96119481086
1171,263151.2869210564
1145,190468.0204588642
2726,229624.70673890045
703,137359.71676055112
760,106566.67824278408
1964,156864.63723285735
2512,167025.6005140028
159,144815.30680367287
1281,151940.41001990583
468,182880.4435338981
290,122515.02219688232
665,88239.7648372559
1463,254093.9974611096
1792,232789.4577268759
923,168005.0750761237
500,282509.08878613
1408,185488.86957688536
331,95111.31960646389
170,117327.26778582712
2192,104758.37131327216
2571,325420.333043218
2314,174262.7291678564
2647,86187.59106671675
422,445458.79695939436
2457,380546.48628343537
1838,203587.8542399234
2805,258921.13531583454
1645,151871.3028003177
1711,300554.6617709057
2825,239325.15627030778
322,354087.0072593506
2103,256913.8547991361
342,118001.18842555644
600,137194.88365260817
488,170197.48860953844
1725,324473.261971777
2246,292485.1448100968
2847,152769.19877283942
806,228044.88222107108
530,229604.71828815262
963,186378.5487283474
2678,105686.12117403926
171,90031.51050171941
2401,438337.52188232966
805,216440.51669221293
2259,246233.44387925742
1748,178341.77350630114
1361,145844.5739555427
1677,113742.66153807576
1406,152282.68463680136
2322,255690.58764176175
688,151164.0637726592
143,139809.21346083045
804,201584.02668422135
1214,193650.20431624542
2828,136119.9744672461
1999,188238.44544190288
2467,208350.190046505
2665,153016.9370650492
1538,389253.04032362
398,122004.12695642425
2822,143421.17553820251
2157,136431.0437702597
1856,198863.947410224
1269,102308.17864600835
2570,116939.29824393919
2320,240310.9289473462
1517,142591.83883786164
2304,136273.17611183337
1312,99424.61991424544
2012,130831.61311993192
506,232778.33859373303
2865,214786.41955027924
2367,100415.37461513732
554,85322.12965887439
238,129693.57095782936
1954,106338.32036488195
2488,117454.7384398572
2291,69586.84375222563
1969,124284.00691847016
2725,174121.96262432795
1482,147214.56043189336
2763,196578.58148514864
503,251688.57955370922
1584,243418.10603756737
1531,148519.1048506759
2210,175465.90901552586
459,337165.99776733946
556,134783.71289514823
1347,119661.64993006192
1290,70808.6424664403
1388,102306.1611099884
1571,303125.9594438886
2754,197967.62213321874
765,141583.56374596473
2494,136668.61666423478
2870,231653.48337633983
7,219973.02050556967
1114,253857.30486824713
2418,277016.80852422415
291,113496.34424083278
18,360143.7429671757
39,382340.06030813244
1001,252832.57598550274
2442,223508.7483956637
616,128304.70526831478
2680,88356.61248360015
1414,124673.11373263912
289,163127.1579000157
40,250753.5729846892
860,116491.72008941439
409,142685.10793837925
673,149096.6360518593
2427,178440.84451970097
2036,201971.38208835706
2564,141878.30415813628
642,142221.60043973775
1008,173997.80280473287
1908,139539.29167733018
2519,199212.27751145215
1369,77273.07279498322
2855,175086.08890436857
712,109993.98875240669
1943,110915.10808156694
1958,112912.7439449773
107,148306.663325376
2295,192592.34229443118
704,103107.39467633636
676,153803.80685475812
259,177983.27467587974
93,283637.933862825
106,242824.44508795667
2315,178898.63802072074
1050,90185.10011506955
1095,195005.61479767074
2709,149666.59530179
758,116343.09033144257
1496,153489.42140810177
2370,119417.4906104669
2458,286924.07180247735
2733,131576.30381359416
161,241144.51275115972
726,149111.5312494889
845,200676.74379508552
947,238376.9780570981
2232,101166.57366734314
2563,142323.84779665025
2299,138184.65116484207
211,94101.34615658963
605,151471.12791375918
1478,194310.3645829886
2247,294525.1660243361
2274,221733.18642954534
2869,209997.04374095218
967,213760.1565500202
2656,129962.24371282666
667,201047.63945341727
1042,112899.00678981983
2023,166145.08132734714
2447,405354.2960371773
2055,148014.83969696847
2275,300055.4768155751
2204,171437.47805801744
1563,286697.5553486087
483,200982.17938597707
796,126569.43333767464
1526,160212.1411058082
2042,132632.3052905327
442,350423.4462384463
1693,325429.95663703483
1468,214364.65372314863
1430,200554.4776686295
2605,128103.62105239453
1529,198160.56131375578
335,149315.15815183645
1287,125378.74998392927
31,99245.35971047879
1785,333894.75177112216
82,162225.7477765118
2620,125920.79090644795
252,178756.19407459663
721,63771.71725216805
2165,188889.01301235313
2316,193126.2639739162
775,138045.10623005583
1558,65847.73809240907
17,224937.5776390859
1022,216279.86440862832
925,135982.12318247472
438,279761.149199986
1270,126604.96770435895
1272,136453.40113879854
215,123822.21738957771
266,228687.87115919834
2402,280106.01858507656
1250,124400.28695260905
1984,120064.75385035564
1279,148810.43324156082
377,239659.868884468
1252,100003.01319862684
2156,266036.8661645079
499,329444.1341156461
1374,131392.307329563
2898,270742.4069894409
401,113751.57683055286
2721,139885.21317802492
2078,242651.73265547623
2589,129908.54813628686
1946,243709.21966235916
1334,120559.83633347815
2781,216071.16654585148
431,402759.24417437206
576,190156.89905790376
1474,203859.5333883142
2254,141765.16041572238
2155,279580.33258357143
885,105566.86531949964
643,147593.60810287358
1944,129492.03185961084
480,191897.84665551354
2845,97220.88670756499
2387,323036.5713910846
2407,202961.14538625444
2527,167459.0847108586
2514,142336.32548698928
629,138787.47557431489
80,201004.7845191007
1876,140361.16551026882
1546,128174.77836828178
2518,174394.39567710905
2347,146039.51477079123
783,225441.56488963112
1322,40552.08061290602
194,87755.07362108472
1770,294688.79964430217
2143,158496.37947392915
1229,229391.05328442767
511,287246.5762881221
46,218969.095993308
1348,161279.6949650711
2465,204174.86747932265
387,230863.02053561408
873,217042.45120563926
1918,135621.30775882205
2764,222905.1843854647
2184,133427.4731357468
934,126524.28404710517
1920,128432.27597143229
2631,147717.47413647865
1768,655260.2066362493
2040,118194.6274001571
1749,214393.5599905325
834,250672.49052551482
1457,227413.76463045029
79,112780.44588936665
2302,131212.36461188912
1817,157644.85521374943
2755,232867.77942473732
359,177529.40417482716
2059,103959.64014824813
2092,236668.23168567216
2516,218339.88601949264
150,118625.03930536404
1656,131647.5556126709
83,93224.42422405165
2411,177167.27548556757
795,80409.88913229964
2312,222987.9040993628
2917,107110.0639532787
1624,168121.9658357933
2215,310032.1209330454
1211,148362.24980090285
1485,157940.8827938781
1024,169560.60675307698
570,196721.77860000808
2874,136892.2983695232
700,114655.93188668831
2756,208805.64273094284
2022,183245.66470984076
583,222763.6115619744
2392,375873.91093646735
2424,170689.75737311842
212,107172.76388089349
736,132081.79353658966
1610,168621.9623568472
890,120299.38476921064
467,178193.36518073117
578,217814.3307335466
1747,194630.06590543367
1149,150011.58984732413
2758,253335.13209641632
857,153780.62593819894
2219,261019.86502283602
733,87835.64616554878
2909,98704.00287059323
1798,272858.7046503365
235,124106.68818299857
2366,121391.35822222431
1027,136840.42715321784
1195,138749.78141218727
1303,72142.75303608105
148,187999.18966493424
608,163958.23026304482
2515,198887.18670100352
821,278280.8287163425
2500,261966.44898205705
745,109632.19371866308
741,123852.00208775546
1611,106987.46515663715
2532,128830.08137290808
1081,227281.4041212695
1692,469576.4516040054
2520,173126.18465553146
276,115048.3257861947
1992,131596.02874040173
663,84203.99780371365
418,128665.66745130948
1733,202323.72266593896
2359,149392.62668100503
253,178057.92374789336
1518,171758.85503776144
2035,137303.16618364304
2919,74933.94877670534
1540,251440.62940589612
2120,145866.92185679902
1674,169886.312106621
256,154466.86549375736
2361,128342.67820331652
978,68736.8997848246
2280,141714.9426191446
2095,223070.6993117882
1709,338423.4150630865
2801,246593.70439102993
1246,118634.88953811076
2373,93987.12769877288
1055,297662.06095511524
2017,125750.0069334631
1099,284659.4636046911
1344,91059.58817187508
835,197402.4812463381
1117,234041.7022714729
2043,89260.56765687795
2085,140711.64369037715
410,138972.41511957295
2650,112550.81756982455
2867,184814.8489270953
1668,115649.79289412682
1161,154759.78213197103
2122,165041.97609786835
2539,154993.21370597626
1047,142748.36611178404
1445,134870.89247357193
541,125035.50942742068
569,221434.07003499568
1276,116928.66934990064
918,158523.77317915513
326,160688.21234242673
1936,130370.95142226612
895,101630.78309292196
257,162006.92092584624
1241,180534.93099286692
1545,118912.47274890127
1189,161866.36768751752
270,144024.77619141026
2066,181148.97469246236
693,112057.479243546
1259,134151.92487225187
2916,147310.15417681448
2321,300472.6534691238
1977,78604.46744017574
1895,131358.07927309483
1240,175080.28330642756
85,158385.15771333032
1823,130896.28665593562
825,286471.22492578207
110,231967.4215772512
697,120454.47313240971
2297,125271.27597352795
1231,141232.92827753676
1355,135453.3624412007
968,348906.7339108323
584,223510.96599952946
1315,129121.80395883067
1606,146020.76457202516
206,90614.50569615459
1685,366449.1920434426
2016,145345.55714914983
869,200167.5743000102
2135,118924.90491788884
2346,171728.06671180628
2430,223031.90925526462
2198,94460.21829987646
2652,124441.04656015986
27,120793.81111807964
241,159353.4267878795
906,123604.93289490021
1506,132318.76520021074
2098,390943.21338195016
1435,225433.11433602104
2213,158922.89480201638
1274,135097.65069629764
743,29757.15677132405
1737,194272.6368321715
2797,273543.81509175873
2185,70534.94731805139
58,169060.4267657248
830,200350.16031816474
808,108807.39945482477
680,147787.53103932075
1153,106781.91173093181
1291,134020.2446029809
1818,144851.8780489675
2161,185517.55292432272
1883,123858.8240408884
350,357874.76977182715
2473,142675.28447384544
295,186520.132016059
293,182478.37514887727
859,132381.1651033522
288,66037.80408725809
1578,158301.26281167372
102,200143.78081599847
2831,122710.43033967917
1030,157269.0980036673
2551,149803.21573339697
1286,153324.55123319413
958,320539.82427138684
776,144005.3384607405
72,254441.00708744943
2263,263405.7735232303
1866,159375.91467594457
2876,74949.17051701176
2146,241441.66937545376
103,170247.8361297708
1500,126641.00521257005
492,176545.546845322
167,154166.09141732266
2597,122226.7503770075
2685,115917.23345014526
1035,152418.058619913
1220,92152.57449611342
2602,158141.04672593062
2159,204984.45587533468
695,123952.97987752105
1109,260313.70659005904
640,183955.37970873204
1652,145217.56638921477
2090,183128.04409883305
1188,167850.0891698395
2345,240102.42794190603
1059,418396.2960698081
2751,237061.66422054157
128,209851.38298814694
1523,191898.75615122242
2925,185561.37142920253
2145,303623.7252087996
1121,222771.73333707202
566,262031.65960353316
565,235561.60867950847
1331,137872.4803589525
2928,133201.301730393
156,143799.13814973095
797,142222.5250394225
327,90089.35407400539
2859,148875.69450805912
1453,128683.8931620724
1762,355267.5746099699
1868,203568.64579633123
1760,183035.14312133292
1113,234709.00248641567
1812,192264.16569254527
117,153068.34612101415
1142,192623.7521453865
2342,417792.7356948503
927,148374.8789580764
2478,185115.17131542464
655,94765.92299520271
2064,122730.62442630221
369,268856.8117514768
2239,116439.80249888636
2732,215954.9465294355
1653,149328.1261862739
959,229514.7228360473
2395,352089.17756605137
1412,114170.33495808666
271,247974.54769729954
1484,147124.19512137552
1497,161842.90779200874
552,149075.61507183392
2,117205.6804419103
1855,306972.75338862895
4,271589.68754256103
2292,147892.76559338588
134,139976.1695378261
646,92012.75005109834
42,308722.197288753
532,225190.33186146998
713,92006.57438421939
2561,138284.63381042177
2360,133916.48763221674
1333,127673.19105607548
1407,236561.64355531448
2892,299923.70728435833
574,206019.42559109387
1227,174065.27247906665
2591,202905.48519121588
1476,211244.74336790387
1125,264422.1598598467
1446,149782.5681801418
408,125656.76077426432
1101,285588.50132155156
2251,193631.86033009522
373,172573.06646327281
2554,133866.84981105174
2382,257071.04808403025
1985,88660.84504472499
519,231408.34026479066
1093,195635.57566346222
864,239899.1339596686
2889,137122.71536855027
2308,188775.94620440263
986,197388.5269298267
1302,144636.34653728164
585,149749.22109877685
2708,148023.8860862272
147,136037.4786262059
1441,219440.99405887647
383,192669.1385794883
285,145138.4609422147
181,105271.80728721512
358,191388.09996200292
780,171969.99543803386
258,188895.2955502719
1865,230546.2948551347
692,105405.49685291729
2902,342839.16031449265
508,263961.2376813031
2638,154020.56433801036
36,134857.43447484504
611,167033.67960921756
2281,159956.65646685584
1678,128274.43301150133
1696,477149.7932707913
1557,89697.10311204582
2180,168697.8678899138
1726,211646.81993299423
951,145571.70980051276
267,220762.32165837902
2706,132846.02971204935
2221,251108.41080387213
1357,180141.26509254132
2901,321530.85607235786
347,169639.25870015638
2164,181361.0084352571
1586,309268.47755389404
360,143482.3117988932
1769,253966.93558217556
2617,161240.95585930042
1879,120301.8958815294
991,237562.17491876576
1535,134075.72530955492
1191,127687.94665014494
1579,207127.1111637387
1882,141163.5303110352
1510,140886.2433911109
2196,138897.9876065096
1845,184118.71761941692
2336,403963.8922469828
942,82835.70501482757
861,131580.99027249793
2555,134478.3405388566
1392,161389.86955488496
2099,258370.68740450824
1543,110604.54867061939
948,290574.0006232256
1239,180502.46262579
22,181145.14616640267
2796,241668.73437993418
2747,176298.1802627539
92,286309.2139218474
210,167671.9177626556
1858,193251.33377516668
2228,153435.16058879872
447,225041.61041331175
827,237991.42133370906
1649,187086.11209166545
682,143498.2780250329
2698,99984.15692983757
494,164993.5790707222
214,78459.69241764108
2441,240036.40297316323
2679,110722.62915858011
1336,121907.23552052274
465,168187.23768213534
1524,156764.4756615684
2543,105227.81531301666
631,142093.84039004345
2452,317472.3650101542
228,162724.43674069172
126,182269.4175426165
1092,231734.21234036662
1122,223472.63362890642
932,229121.93172500393
1980,81605.30197004322
2171,112909.80544736948
551,160330.73888896272
2768,169423.25395650687
2056,111843.05166035898
1159,363082.4607858936
2645,109048.23566445409
1174,168421.43318138985
2266,203119.7478529679
2462,418314.3904118348
1219,141925.3178514281
2922,182936.3138657201
118,144474.73812743905
474,155463.35395895183
2576,146258.11034367717
872,282799.89796654193
1077,199065.98209235005
1536,146780.61524460235
1150,110390.81256303517
2341,335153.63637752226
1931,163111.37075191535
2785,134944.58944071233
2538,128373.5276282906
597,211435.93147637986
464,184466.29457445504
233,206280.82995610702
2169,136173.38008566963
2123,172556.01341275036
1867,169528.6495718995
137,258465.25932194947
515,250434.80197934338
933,102078.23048355221
2784,170470.795286929
972,165082.2605804099
599,174841.27024156475
2614,119626.9904745205
2582,144644.4981882673
1409,159279.46095056462
175,106220.4251079394
352,225937.23657775973
976,92902.31500491321
2134,187538.2108058438
984,119825.18967006648
2396,359599.168342317
1673,135143.24981386022
404,124400.00636132754
607,166324.07527254085
814,140891.53772608895
868,178794.34913315228
2271,187876.2856629159
1633,234356.8508886384
337,141882.4944036415
2765,189497.16222395556
1746,236862.58032749835
368,340197.9956700745
2806,203452.31147899097
1662,188198.0746460503
1234,208671.4343362208
1373,120670.41470679131
1672,118860.42461987355
1939,118776.46097728213
