Id,SalePrice
2658,173665.4658971047
2718,183414.18233331526
2414,221536.06128292647
1989,96011.28927325248
625,167825.34083152958
333,101913.93413129146
1327,94983.44345151493
858,141125.97647242295
95,231669.00793279428
1568,167859.04257261986
2482,171099.1461887136
1364,127433.45512689836
2584,162181.66890446842
818,296643.0330368213
2673,174546.14171838458
2089,135494.71627288125
1297,158881.06713978993
790,118842.35425581201
2616,189755.4264554663
720,200566.00553510222
222,124048.15446280316
557,108695.02292596875
1148,196297.11831246642
2766,146259.2305753308
534,205216.9323211885
1452,114187.94271968142
630,115029.20818326599
2648,121848.5186367291
125,147255.97031264077
1904,36833.50765083288
1670,87258.01101752627
756,85461.97115764813
717,227827.04380887467
1032,133683.71772024408
852,218797.28696417157
1731,219237.13163669757
2639,110128.85814788355
2071,82744.4868524645
1267,107483.08700181334
1851,209691.82236402016
567,180511.04743670183
2439,241135.48847199976
1898,135706.9530310426
647,133890.0356210377
2256,212350.7814730748
979,116160.75488493731
1444,236583.74264815194
2485,116802.7613125823
157,110554.10789967142
88,120341.40976668894
2003,116446.265291224
186,236382.88244985882
1425,255302.2837751829
2695,127216.90869180416
738,107037.32347191963
395,148558.16022155946
1353,200689.5974889351
1878,136236.065212104
390,187725.07557030907
1456,240863.74004148156
1103,274462.8527679583
1387,104918.90179521777
2070,126072.37624982954
1199,214585.26706580678
2479,194950.78788739396
501,275913.8218577695
2362,87258.01101752627
1718,183232.47764679743
2188,36134.326275307685
1483,155266.96184433927
2557,58071.68100486114
437,310053.10824457835
2224,176369.96446198528
1628,212593.76054364257
397,124941.24201160227
587,189787.15524410084
2182,492622.28952529235
971,163067.48734765104
2611,156012.8307012578
1887,108785.27691073203
2399,289853.99572281586
2148,217300.2044057506
304,129489.40570255928
1997,123101.06163557037
2817,91765.20386177604
1431,202589.91224153107
427,281634.34956584685
263,114913.92050270084
598,167343.3285953058
2895,247884.84847804252
687,166445.30866536684
1822,117361.62932982226
2191,86320.3704891291
179,146690.196961805
1009,222401.72972002393
2010,122513.42425837996
1991,164852.05326481466
1411,145219.54703885783
1721,251112.5403666168
1144,203921.8579866283
593,255331.05313513335
575,245100.9471669062
1249,188786.4696018789
1604,123749.60962479003
1064,357165.94836732256
1923,155754.4804744867
1988,100826.317705011
2325,189279.33307661023
114,205383.265851503
2700,200207.2214806904
217,144185.78235975257
343,175738.1865686411
386,267475.80984450853
2005,107973.20128862374
2908,147863.54745515343
1814,217420.21422669268
2446,423167.4555210662
208,135586.53074665647
1679,139687.41911013098
822,288221.53218724974
6,198007.42410527682
1781,328672.3068600311
2397,276279.7701779632
2340,286360.47426109086
1618,189401.31585000805
2843,140799.4465280061
1061,323687.83193801576
2786,114187.94271968142
1935,113411.90556314029
1341,109516.76108767535
521,276227.5276112228
2136,125925.57002139301
996,200064.3611571656
227,147037.45092509058
135,153230.90234257723
1167,195179.3822779865
294,227615.2195141574
1776,214352.15275751846
540,197427.0558337029
1717,183232.47764679743
2303,116776.95138131548
116,171533.0720038719
127,116148.70692943898
1371,143899.39031707286
1014,167172.27292461437
1507,118220.02866130322
702,170506.78667114605
750,166482.5438479248
261,174695.33336272137
1559,62153.82632000442
577,223813.7009155841
2812,234088.93387619313
2080,177366.70419929526
1368,134495.38087890833
2376,113869.09434432536
659,85862.97146718111
1235,119855.45162555319
332,100915.2214415255
1917,137121.05071031675
2094,252220.04786679614
1460,291508.9459889438
1471,190792.77326746238
1509,121532.05567727308
1922,116815.17304010154
433,371504.9960581879
460,272250.0209608183
1116,252156.3800487644
1137,170860.11302305758
53,200301.21112960274
2354,270766.18307488644
1475,217451.94301532698
1761,475029.74001458636
842,132796.54902881267
2739,151301.09068598878
2509,204520.7103743474
1007,239682.54642973258
2610,187895.35500553553
1952,77755.23308056756
2719,182325.21565878578
2921,100915.2214415255
1966,131063.96674620337
292,142233.84774462343
1204,231720.6277953277
1829,246150.91594718443
2419,221294.0686885866
391,170656.34208750376
798,147613.04034678265
481,219614.5052081826
193,214195.0693033582
555,116212.1645067078
899,56905.494777294574
2357,216719.05989871174
328,119587.64909994672
1356,111717.33469855413
1154,109693.73561573471
1730,194243.1406892615
2249,146155.57838681992
1119,270971.3042586893
2856,134068.57063810877
1394,151784.08939844067
2587,123198.2209539297
61,302836.48445430794
2661,210380.72651382117
2711,140495.54882732756
1147,201923.4461308685
757,145852.675180451
2623,87782.19081744784
2378,178067.8585272762
1413,159763.71591352578
1722,239980.8810269828
1112,222405.52209367766
1623,205161.57679450605
1201,202478.3682431965
1513,89545.10294901952
957,233731.45137860696
1171,273866.1268639532
1145,229125.12626354187
2726,222267.54545986955
703,185101.37869135663
760,65345.84351503244
1964,118343.98438715702
2512,215378.648331007
159,155866.02447282127
1281,192145.59656268638
468,198840.99998171907
290,123292.78461562586
665,87132.4461112374
1463,293641.7523456209
1792,250635.67075229576
923,132939.40935233724
500,267844.927834149
1408,137774.32885799487
331,73963.78948503663
170,111454.88503561309
2192,73823.47612675163
2571,301425.2975122945
2314,190096.55132062128
2647,89508.23153848224
422,351366.2281537524
2457,283463.6787033712
1838,212824.32788669108
2805,273194.3646001299
1645,171657.0277297257
1711,299222.9531716411
2825,269525.4777907806
322,306249.98046557
2103,257480.21712424164
342,133354.79434184544
600,83943.02457287232
488,210863.7739176962
1725,296736.3999815269
2246,255407.90891614952
2847,168500.27276479965
806,273811.75781349884
530,256215.88510208786
963,181398.21612813324
2678,59108.25158139225
171,73857.75188062573
2401,347705.59692624793
805,238215.21970749018
2259,218869.42060481082
1748,213156.5744657945
1361,170923.15813688235
1677,162171.23012940516
1406,144682.3328072098
2322,253297.58929003426
688,193249.9343934192
143,133921.764409672
804,231923.41225465364
1214,165662.77863867395
2828,169317.90347225498
1999,195626.29383344785
2467,226375.9131697237
2665,194683.92314659222
1538,330181.235151269
398,87121.643564153
2822,131565.2960435422
2157,154767.60549945617
1856,151547.02918524062
1269,114333.76247188984
2570,121171.03973821923
2320,265556.22672222066
1517,154173.63680145377
2304,130330.50961680408
1312,87490.50262160739
2012,146191.82709315
506,236960.1297434091
2865,209879.0334444614
2367,148196.1578062775
554,113443.99812379549
238,123137.72280534473
1954,110146.97849200782
2488,190545.84829198266
2291,103911.35951082339
1969,112385.40998965176
2725,140863.68034074013
1482,155266.96184433927
2763,227086.51979654003
503,250224.5954397202
1584,242717.6823932815
1531,160495.20009046886
2210,193457.2387704407
459,298143.2285551843
556,123702.5096799524
1347,152516.56005161186
1290,86592.89515511249
1388,116287.047335268
1571,166471.7413008404
2754,209315.435268763
765,134607.54758144985
2494,120372.15207909537
2870,190984.91672904347
7,235548.15854784893
1114,226496.90946689365
2418,299661.811367939
291,193673.26790225576
18,297447.9930845711
39,302030.48122082534
1001,254362.09628154594
2442,266136.59499379457
616,123710.97550255992
2680,78540.35876392317
1414,108664.85462634591
289,140250.80704506673
40,252005.6279154159
860,116002.88717723032
409,147939.7805319624
673,133437.77922099223
2427,199620.36033896497
2036,221159.261724225
2564,154973.14716478484
642,167816.0987734571
1008,200864.23529251758
1908,166089.4353482155
2519,218830.36600105488
1369,77874.25642528152
2855,197103.84908999084
712,85363.61512229801
1943,88311.87701129308
1958,141459.57329977513
107,191787.6935835746
2295,165809.22109508957
704,118498.26996197319
676,127143.99881569971
259,202726.2796949041
93,284715.8092387682
106,265902.8579812993
2315,207414.3929721252
1050,112885.7528107625
1095,220174.35970165068
2709,123790.79071225994
758,191866.3200943654
1496,174558.9659093481
2370,161671.87378452206
2458,257525.34411662328
2733,108534.04225831968
161,291719.42003541207
726,149042.71942302305
845,214108.1872107226
947,278244.4802926327
2232,127227.34746686765
2563,167971.16058373824
2299,127638.05900742207
211,108502.67724170629
605,162371.26540080993
1478,232252.48916431027
2247,255407.90891614952
2274,152526.42481389153
2869,164054.77478612564
967,251376.0332152904
2656,71652.6583520514
667,240394.34977353993
1042,147696.80146139464
2023,171867.86554821488
2447,352892.0800721238
2055,140223.80039680935
2275,264543.1293524795
2204,173357.8325322771
1563,255679.65734666795
483,211024.75458534528
796,131372.37634649593
1526,161158.70677244756
2042,197373.6245680533
442,293545.36926272674
1693,311368.6963572444
1468,240469.0223613372
1430,184387.4488638353
2605,172006.4161948068
1529,208123.7541905276
335,128795.77941238112
1287,129972.04064299003
31,127482.16425217083
1785,235949.99180235178
82,186599.08395398455
2620,116881.80028681713
252,206699.630199634
721,54256.351739096455
2165,185425.7821520595
2316,191881.73994199187
775,118818.51727700117
1558,45391.52948503569
17,254102.75957854697
1022,225355.9104663867
925,117699.38230284909
438,260973.7385859664
1270,147095.97612121957
1272,119055.57749020122
215,132594.33858227055
266,240183.87572707166
2402,271787.53602647246
1250,109025.29655261617
1984,86795.88985520136
1279,149499.54443218722
377,279759.11720047565
1252,161145.93127290742
2156,278046.6282144466
499,311124.7308104485
1374,126826.13691657176
2898,275133.4750242955
401,87620.9999090361
2721,163505.35906772106
2078,225523.2304729293
2589,117314.52938498463
1946,230138.64411480888
1334,130074.08365106583
2781,221761.69624483516
431,332937.91957338504
576,218785.23900867323
1474,232984.59604546032
2254,171088.08470944315
2155,282079.4903915336
885,92485.67525087204
643,143245.74839737383
1944,104457.19309633714
480,226466.16715448722
2845,81904.00564242643
2387,300342.662158577
2407,213292.94191916753
2527,171653.08182481374
2514,194870.76243693102
629,170201.12625877443
80,230047.96964851953
1876,132865.51300000516
1546,137948.7077293913
2518,163563.67402308737
2347,158648.9393077297
783,149033.88982839463
1322,23449.242374342633
194,58661.29133450752
1770,271111.8278577372
2143,114187.94271968142
1229,220663.85128425388
511,260565.62270207494
46,214685.38581284974
1348,200902.82072332455
2465,224485.0994073865
387,264663.13917342154
873,212262.50044076727
1918,114909.97459778911
2764,265961.3831774285
2184,113504.13250035956
934,166332.2041780206
1920,118812.59841963346
2631,166540.49503126997
1768,464351.3235512257
2040,80241.78627068177
1749,248547.99138800032
834,230456.08553241123
1457,259270.54836751474
79,139472.01268252288
2302,116277.59503643261
1817,120890.82548509329
2755,228175.4864710695
359,190686.16165026766
2059,114186.95624345331
2092,258738.47675776947
2516,249462.7327223916
150,116300.44553901535
1656,158426.4740152678
83,97175.13877634192
2411,184079.45172698703
795,79480.54625756014
2312,261810.48413185542
2917,99032.66326103313
1624,219990.8923034398
2215,314375.84721438936
1211,153215.5311863739
1485,155266.96184433927
1024,163245.8121239592
570,181947.6318465378
2874,142754.85787509824
700,165470.6431951744
2756,221657.0575800964
2022,197987.69458071748
583,240993.20216125879
2392,323264.34489792096
2424,215576.5004091931
212,117667.65351421479
736,119999.29842530587
1610,179479.82972283638
890,99370.05246203905
467,194243.1406892615
578,293302.6004329219
1747,197729.54657662776
1149,171008.8922039501
2758,216642.82682190253
857,117184.08078897907
2219,285124.4991354437
733,117615.41094747442
2909,143303.9098214819
1798,275614.2905435285
235,90206.27290652134
2366,144996.871505633
1027,139551.05165675795
1195,114382.83536918345
1303,-4645.735547892982
148,177080.5710888016
608,136086.29955498362
2515,229020.48759880313
821,256709.11234884034
2500,295832.0974221991
745,98643.45197481243
741,137047.36459874734
1611,137038.48631269578
2532,118708.9462311226
1081,217557.56815629383
1692,344348.4429178962
2520,206791.23443264654
276,159090.96717347438
1992,127501.06884984183
663,3973.770911122905
418,166626.59287035884
1733,210593.01196340588
2359,155713.2993870168
253,206956.99395017722
1518,178050.7246593798
2035,153692.6110414581
2919,100915.2214415255
1540,233803.3747784833
2120,134732.48978353152
1674,183352.48746773927
256,151129.82477453444
2361,87121.643564153
978,72965.07679527067
2280,156595.94816075265
2095,242449.10363221006
1709,305409.135483511
2801,253900.597823428
1246,105289.78249655128
2373,147696.80146139464
1055,253305.84487187886
2017,116445.27881499613
1099,285639.63909997395
1344,97317.4250870829
835,188039.82450949517
1117,218420.8998689144
2043,91763.02066855738
2085,130706.89671206125
410,183633.68819709308
2650,129655.52899211086
2867,175969.3279244732
1668,118891.42715310561
1161,206653.5167310245
2122,172068.10304230102
2539,128449.14815330249
1047,155154.43136977684
1445,120162.87474961788
541,145291.88290217821
569,210381.76168147242
1276,129331.17422283115
918,161379.19911245373
326,156709.67535230587
1936,109888.62826523674
895,82354.70155345998
257,132282.80800395436
1241,175976.23325806903
1545,120612.53549300018
1189,163592.4433830378
270,155266.96184433927
2066,196513.09875285835
693,105370.17171903513
1259,123825.06646613404
2916,142696.95538317622
2321,264353.37932487996
1977,98778.8329519576
1895,167114.73420471326
1240,157282.3053453141
85,126299.9841641942
1823,98114.96249795798
825,268793.37090963055
110,219296.64330905466
697,109968.03101149271
2297,109574.71227102051
1231,125634.50452975952
1355,136987.85292639025
968,294361.6010305099
584,240101.10108868754
1315,121627.81605596025
1606,116277.59503643261
206,106789.82448365609
1685,293030.64176164055
2016,127214.93573934818
869,241665.58712928928
2135,117001.59986699629
2346,185206.64006030234
2430,221778.05387726612
2198,86680.18971119216
2652,111506.70712082763
27,88210.61023868248
241,179785.06965368218
906,121651.07902198704
1506,108643.97707621916
2098,328187.1816638652
1435,212322.99858935224
2213,125601.78926489712
1274,155858.13266299758
743,14136.473397169495
1737,212597.70644855453
2797,287545.8240185145
2185,97054.76518337918
58,214547.04540702072
830,206063.90640137787
808,158277.6948343753
680,166120.17766062194
1153,113763.46920335852
1291,147607.12148941495
1818,186620.5842083185
2161,220825.4546561099
1883,120355.79444666416
350,308676.03550709924
2473,172887.29423876805
295,182636.17222431814
293,209558.2121166496
859,114187.94271968142
288,33090.1017849443
1578,163230.07719573495
102,193440.30712522566
2831,207355.86777599622
1030,177341.88074425654
2551,131426.9556377132
1286,121067.96156249219
958,281672.36098387
776,118939.51357417111
72,193275.17031190195
2263,252640.36523744417
1866,151946.05654231762
2876,51159.52090997156
2146,286321.47636683984
103,213200.71498194826
1500,169317.90347225498
492,202802.1489996924
167,127010.59079101053
2597,103324.08590565389
2685,100351.78481516684
1035,150252.10838193865
1220,41855.84045961313
2602,156016.36414272548
2159,246173.19243698334
695,174633.43627446424
1109,253718.1169014452
640,166600.00670362706
1652,153415.356217016
2090,204205.0316684381
1188,191254.48196634324
2345,253456.80724599026
1059,349414.9162428302
2751,244026.00140033104
128,200816.35911221476
1523,183168.60760608432
2925,129975.00007167389
2145,277096.00194574636
1121,240601.23366903584
566,311829.054807876
565,229714.73659318825
1331,148587.13982227282
2928,130587.87336734729
156,118630.11749765067
797,154247.16938176518
327,102413.29047617456
2859,155790.7291808168
1453,109106.09823854407
1762,306934.9874018824
1868,211454.7344955916
1760,200926.7063935583
1113,252322.50333831622
1812,208578.24247521488
117,187005.22688542027
1142,200547.3598696175
2342,303662.9447563917
927,120203.06936085969
2478,211604.13638069108
655,50705.914261677535
2064,114095.71578246192
369,223093.64198993216
2239,123242.72524210438
2732,208947.51399611332
1653,165183.725831134
959,234891.76744022896
2395,299253.6954840475
1412,115686.01175433025
271,256511.26027065422
1484,155266.96184433927
1497,120812.61945582833
552,206336.8515488871
2,110630.9636806876
1855,260944.19299055077
4,239706.38340854342
2292,154231.58798479917
134,129640.78054011473
646,88161.53734138887
42,285392.50388373155
532,223486.38671762054
713,97726.73768796539
2561,124996.8077790474
2360,126725.44415674475
1333,119640.255438708
1407,198680.95709887473
2892,274936.6094223375
574,258809.20344065502
1227,179983.49574465211
2591,221928.39354717056
1476,216907.45967806247
1125,276112.6604121835
1446,124005.00042287726
408,140686.13179989695
1101,287077.20998603804
2251,161111.65551903332
373,201912.38465159805
2554,112533.20269431616
2382,253985.70918628876
1985,68924.68658038112
519,238091.05374087347
1093,210379.78872901667
864,287728.30494049727
2889,151222.05171175394
2308,163142.37017621123
986,154802.50395753747
1302,139621.0021041783
585,172380.04608406126
2708,148102.94439283037
147,128386.67705226154
1441,219417.6396062246
383,176925.50927852048
285,146747.3719096852
181,111271.20739663951
358,187403.89047047636
780,179219.5065436093
258,228899.49130163318
1865,232847.4523566221
692,139064.47081141523
2902,279289.3064510084
508,260701.99015544797
2638,150843.9019048037
36,179066.57121704216
611,171410.10275424598
2281,94273.82330092648
1678,162171.23012940516
1696,338056.63546505966
1557,68352.42035939381
2180,163577.69493104168
1726,237197.96619207435
951,146503.19612212642
267,253461.73962712986
2706,114964.19011698524
2221,191750.87888254225
1357,177053.36221786286
2901,275175.4323472306
347,224528.2534473124
2164,202524.27147104335
1586,292447.1605301248
360,170464.40886668535
1769,247820.04065252468
2617,196614.3575073874
1879,162463.49233802943
991,215060.99667264172
1535,128063.88277199375
1191,156731.53937866073
1579,229552.5592085484
1882,139950.07901383494
1510,115793.82008851576
2196,194260.28257523943
1845,193440.30712522566
2336,351758.97288144054
942,108064.80552163604
861,108380.12045552442
2555,97279.41366905975
1392,136598.06762738596
2099,257480.21712424164
1543,154414.06890678196
948,259543.28327426105
1239,142543.24382114387
22,186015.75625372678
2796,229097.3433798193
2747,173003.35815479816
92,292716.93600818724
210,156760.30873861117
1858,221461.5422263872
2228,209818.11481435085
447,223397.11920908513
827,228069.8613301029
1649,234309.63645696198
682,135933.57446917915
2698,126542.340530555
494,214047.68906213762
214,117370.30539319268
2441,271507.5320141094
2679,99853.41494651185
1336,95361.18079502089
465,218616.77899464476
1524,144630.30048123235
2543,107196.95389131969
631,123137.72280534473
2452,301988.52389789047
228,174831.7008160944
126,161464.77964826347
1092,213686.67312308378
1122,214533.64720327337
932,194306.18580308626
1980,55747.515440149466
2171,90432.68410389498
551,179673.52565534785
2768,169959.13366443478
2056,113006.74910793244
1159,345222.21340558026
2645,117928.18693420454
1174,212474.7371989286
2266,226916.45060207671
2462,342881.1161956538
1219,123562.1963216674
2922,194523.35494238744
118,133455.12332965154
474,199801.85478471988
2576,165661.79216244607
872,265691.60769936605
1077,238286.93286660383
1536,143502.12567168893
1150,116953.51344593079
2341,267068.68043684494
1931,122244.63525654539
2785,119163.17558362405
2538,122504.95843577245
597,239738.11219717772
464,227902.7515643232
233,209747.3881314653
2169,116047.0276933841
2123,179600.6157792434
1867,164332.8058460327
137,246573.41651105112
515,244571.47121382365
933,154414.06890678196
2784,168539.89336325787
972,173808.16467128973
599,166676.86248464324
2614,133763.89670196502
2582,122462.79087207443
1409,162293.7869155868
175,78418.58623128803
352,242519.8303150956
976,72965.07679527067
2134,230443.67380489176
984,118804.13259702595
2396,299276.3357458676
1673,173438.0602054214
404,143498.80247098394
607,135858.69164061896
814,139765.26136737526
868,233392.71192935202
2271,190172.42062540958
1633,246486.1219549717
337,215540.67218438862
2765,153630.7626446241
1746,222594.2856450493
368,281876.34216018673
2806,213625.18849827093
1662,202538.86639178148
1234,205259.3101256492
1373,133183.3748991331
1672,87620.9999090361
1939,109389.27192035387
