Id,SalePrice
2658,140646.45848873857
2718,150837.44960026356
2414,211693.12533677212
1989,106195.25204292405
625,173832.9141746802
333,86177.13945275068
1327,115152.3347761917
858,155213.21825301094
95,180726.46013531942
1568,162804.00299934394
2482,150572.0356114003
1364,119981.21814590815
2584,133709.32914206636
818,288532.9508750251
2673,152424.0551912664
2089,126798.85544375802
1297,174781.7560192563
790,118255.34243447725
2616,200512.90316326992
720,168191.45744116456
222,151737.79612271715
557,125306.61794701187
1148,190281.96338607965
2766,170262.5441631065
534,169834.5637559463
1452,123720.30726648562
630,114265.78553854629
2648,121172.83796635008
125,164251.43886986037
1904,80647.77180942197
1670,107244.82752245513
756,92501.75926158733
717,235494.52973767708
1032,152077.72762170067
852,207182.3750622717
1731,180476.51749945353
2639,109333.59647394667
2071,101559.87528198297
1267,110375.66615750558
1851,195781.76444782023
567,163249.44735647188
2439,200992.17158264588
1898,149209.370740392
647,158103.70943620935
2256,208939.99394395098
979,93414.89010785145
1444,215580.66892690724
2485,132586.7723687703
157,136433.79478830707
88,126956.08341381047
2003,106437.4700404624
186,204852.63238854386
1425,240360.62641804578
2695,129520.13286724745
738,111195.28338424583
395,157299.55928046737
1353,160991.56484593084
1878,135391.02684950992
390,156941.56354267275
1456,232105.4318262509
1103,326351.20271896146
1387,139348.69053639405
2070,142862.43887712777
1199,169792.75176771582
2479,169924.73626472979
501,326408.71558978315
2362,106788.13292380699
1718,202300.59847652446
2188,112275.3246439796
1483,158633.21311162194
2557,92808.59421020262
437,356683.8277004034
2224,218358.04670821046
1628,159289.6049858349
397,137721.7993102434
587,191374.43134837665
2182,699062.622881801
971,126311.72879898782
2611,144381.78010293283
1887,100303.79103079232
2399,372037.65801641234
2148,191540.2283608611
304,123017.13399933929
1997,132415.3769059853
2817,98763.65056181108
1431,217269.69723640327
427,362689.1566915211
263,126611.58377278253
598,172666.29139103426
2895,212967.27683020622
687,139568.1213267547
1822,136867.15613831827
2191,113154.4578513686
179,123763.55356253125
1009,203198.37310582757
2010,141490.79988948602
1991,126286.46224999562
1411,185383.90426980573
1721,231327.11593455664
1144,193091.62164267644
593,206030.7768015624
575,328472.6693602674
1249,173298.1376979313
1604,125345.92337565841
1064,513215.0933257331
1923,153991.47998473284
1988,111657.44327481491
2325,169136.80709773718
114,194090.73048826333
2700,174636.15610010535
217,127967.55201341548
343,176270.96015204347
386,212044.83757767707
2005,123216.36388027981
2908,147229.90182051895
1814,222174.55193312888
2446,541981.1403735146
208,129255.89476307623
1679,104509.44526508222
822,337993.33569728746
6,196668.4422820063
1781,428477.015919566
2397,292679.8759973961
2340,315879.81549441896
1618,176519.14050144327
2843,114832.51510167912
1061,373598.48278122884
2786,124554.17741967092
1935,142526.17974824327
1341,113506.80066130681
521,264454.51455233525
2136,132852.4006643341
996,210243.81829827835
227,144990.6682854814
135,191375.9104219565
1167,171191.5884622404
294,230049.3824653488
1776,211510.91360161186
540,151702.6397047806
1717,203724.37188012133
2303,134469.57379775026
116,179647.7865651911
127,143631.5405784456
1371,132285.14881728147
1014,154058.86637686475
1507,106836.88496793897
702,122393.49316899537
750,147289.40827939968
261,148580.81565755335
1559,67660.02206787597
577,217015.97717329828
2812,193731.3035398326
2080,161821.86164314018
1368,108286.34165025597
2376,125793.46744918995
659,105705.77975403632
1235,138150.84784128444
332,76168.01408039758
1917,147194.0642116976
2094,254532.89647667308
1460,274755.1607910827
1471,219903.74406838795
1509,129987.24524021731
1922,137255.83294869942
433,514362.69800163154
460,259416.1186287698
1116,239798.89499578928
1137,159326.1683826035
53,159821.45885553205
2354,262237.8543461328
1475,192018.22401039288
1761,605507.000377212
842,144626.68478245978
2739,184543.8184681366
2509,146154.86504726368
1007,184773.82628066043
2610,185141.01846336687
1952,99119.87321859426
2719,154869.129345046
2921,75455.03469487824
1966,148247.46067637717
292,111068.64045546601
1204,186186.32687029225
1829,264973.37989494
2419,186331.75684151548
391,135923.6150590021
798,103955.9619002588
481,194354.82724942925
193,199465.43051501576
555,118715.3171083001
899,55256.8999165197
2357,178195.80448251578
328,131730.69815963012
1356,105593.92500894252
1154,107727.19560755993
1730,177829.8325228124
2249,165024.74249887798
1119,290601.4331199855
2856,144512.11746410912
1394,130562.94800399107
2587,111667.90630961637
61,339095.30996812205
2661,182193.6205672344
2711,132613.90078771542
1147,170976.16644425414
757,128744.4359178417
2623,117981.8462211201
2378,136618.37689992267
1413,145581.66159396712
1722,202032.69002139004
1112,227071.77230093707
1623,197461.9203536443
1201,192671.01745915352
1513,116413.57927350618
957,392236.080875656
1171,263772.65365142946
1145,192864.0591880995
2726,231493.36148417887
703,143176.88196926092
760,102082.0391641405
1964,150994.40426207616
2512,169446.8903313782
159,145328.70064300462
1281,153696.71606571108
468,182058.1143380735
290,123030.60395920073
665,88356.24683057482
1463,257216.87498792083
1792,229393.9215296863
923,170789.53226131882
500,280770.02464927913
1408,185672.41130723123
331,92933.03011890869
170,116258.62103194915
2192,102584.33127243507
2571,322155.64495653776
2314,175462.6035971451
2647,84623.55800260423
422,444152.9438975515
2457,380195.1292561088
1838,203887.52316451276
2805,257441.1826467864
1645,151933.17072389595
1711,296953.53846827545
2825,240798.89982056493
322,353455.7519103832
2103,256603.86793191376
342,118878.3945019471
600,137075.23898134186
488,171397.33042705973
1725,324739.6759484416
2246,299153.2091281929
2847,153445.5789573964
806,229828.45506920567
530,229335.76108916217
963,187486.99623048748
2678,107615.04156317831
171,90446.85397710417
2401,437251.152269696
805,215692.41872125852
2259,244892.4270312519
1748,178368.50858335543
1361,145014.21705779302
1677,110387.57963011439
1406,153238.70383996094
2322,254587.7249502505
688,153967.4176777768
143,141224.97940781194
804,201568.69216774197
1214,187904.69877748503
2828,141376.8186948225
1999,190105.44357610992
2467,205856.39031418267
2665,156957.80939528663
1538,402981.2341648418
398,123287.13009593249
2822,145213.33636072683
2157,139530.65073977056
1856,194480.2164892395
1269,100114.987125982
2570,116701.38587355739
2320,240304.1527847256
1517,141273.56908353
2304,135387.92255226197
1312,98124.9858860589
2012,131334.3034132178
506,234495.4549170558
2865,218527.19940022973
2367,96891.83147029468
554,87496.31244574698
238,131035.81841796768
1954,107197.96046382183
2488,118988.36468535324
2291,74465.23572476215
1969,118845.44520296357
2725,172537.58178885462
1482,148911.15686451975
2763,196261.57666846883
503,251546.16731474205
1584,242323.88953721314
1531,149756.9702116308
2210,176525.52549495286
459,338414.96464280435
556,134985.28384140626
1347,118145.42515285753
1290,75510.9016350992
1388,106439.22540477528
1571,305614.38292542443
2754,195818.7378582125
765,140881.91418394464
2494,136559.71959728686
2870,234665.4480605167
7,221067.6116890485
1114,253460.97772538682
2418,276348.1812234442
291,128208.10348228297
18,356773.5917598531
39,380476.8826388271
1001,253854.96994611667
2442,225053.3885875732
616,127608.03873361304
2680,89219.83779606414
1414,121925.2275912243
289,159264.96040471553
40,250011.67776305636
860,119126.99081210168
409,138486.18497862556
673,149993.86294855838
2427,178206.58580764983
2036,209084.2960027345
2564,141367.43152215474
642,141199.1257054769
1008,176171.2589017947
1908,138038.25891214254
2519,201335.24406722648
1369,75370.26635029365
2855,175128.37373587996
712,104241.18240280628
1943,110728.18088389853
1958,114412.14169682082
107,150898.94630206257
2295,194258.97191933315
704,104013.83666123444
676,150670.58708219917
259,178845.9485209159
93,284708.6031448031
106,241490.71009100805
2315,178512.4121246607
1050,93682.77166203334
1095,196775.57103770395
2709,149338.3725609188
758,116888.03271422663
1496,155657.85728024525
2370,116432.9531953012
2458,287224.1041283007
2733,131247.48167548387
161,247138.10031559592
726,149543.33801605264
845,201709.8531492363
947,239677.7494282176
2232,104093.97443853876
2563,141597.79733339424
2299,137144.28409284737
211,95399.9106815338
605,151186.35464864993
1478,195392.88849907962
2247,298859.7860405798
2274,220521.756481259
2869,211159.00861138557
967,212779.29621522603
2656,127789.34638039005
667,203949.6473605052
1042,108568.53047274696
2023,161158.15313687417
2447,406016.6629621732
2055,147162.1044507459
2275,299904.19027741445
2204,172691.75310838662
1563,292178.76021351654
483,202202.23580279437
796,127472.65629832896
1526,162783.58073468253
2042,127403.51849648441
442,351223.9686444665
1693,322610.31675114
1468,214369.50952262137
1430,198786.45230713268
2605,125181.28163301949
1529,199519.68078314717
335,149800.42133292987
1287,125412.5512913723
31,96438.05842081165
1785,334635.6602869241
82,161528.6481245072
2620,123534.10230950709
252,179536.8203813396
721,67964.6447474153
2165,185202.59038984522
2316,192288.86116909081
775,137743.21554876113
1558,66555.03590985674
17,223926.72062453927
1022,216897.75392039318
925,136295.18292645857
438,276822.534315411
1270,129853.11793362918
1272,137167.42026293385
215,125961.54720258774
266,229715.02774210824
2402,277326.55543505965
1250,125240.96101735455
1984,117473.00055002006
1279,148539.18590920648
377,244671.53617253475
1252,97581.69898230684
2156,265865.86132596334
499,328871.5277194628
1374,131431.90430146968
2898,267958.64202851785
401,115217.3993899454
2721,140148.8274714173
2078,239509.02117615155
2589,128148.76489902307
1946,235598.72929730493
1334,117284.31031228857
2781,215280.9173855559
431,404961.41769007547
576,194195.481495974
1474,206593.80463058286
2254,142940.68743701113
2155,277322.0663392247
885,102734.43176293632
643,146266.7561527869
1944,128758.80733546824
480,192485.5409203405
2845,93863.48696963055
2387,319233.9827892098
2407,202343.11304490516
2527,168553.67779717286
2514,142913.09604709304
629,141494.79751485382
80,207081.33215274988
1876,138913.27724523185
1546,126635.2905047223
2518,173921.253925711
2347,146146.11906239454
783,229715.45003121853
1322,43566.75840173653
194,84276.8163669419
1770,293394.4003825239
2143,159229.3814265529
1229,230075.9739435651
511,288309.2886728194
46,219396.72460646482
1348,159963.44823506457
2465,203917.4715322444
387,230714.60457373003
873,216027.85208462056
1918,136174.74518924623
2764,226192.2359238461
2184,132821.2121732155
934,128888.36188461867
1920,130610.59639281436
2631,148394.1687201233
1768,659892.9205831854
2040,113085.52029537287
1749,211280.94643778997
834,251843.4223062985
1457,226496.37290760168
79,118674.36247284837
2302,131635.4167926494
1817,155295.6883035942
2755,230861.61971477728
359,177757.19012203848
2059,105880.11486207979
2092,235944.35327453885
2516,217464.54153763416
150,119196.14095652176
1656,130898.066041001
83,90151.71818693256
2411,177381.18731034544
795,85041.62328744517
2312,224345.36851680098
2917,105626.08778905071
1624,170357.70021115325
2215,310389.8596637974
1211,150228.12303496734
1485,159380.92296079482
1024,169540.3671783224
570,197598.68122546983
2874,137088.0724672879
700,110300.05474661863
2756,208633.91629040465
2022,187488.9322639568
583,223832.86926683062
2392,375767.2320861912
2424,171485.95531606537
212,110163.94911429039
736,133923.6596390956
1610,165876.9325085242
890,119536.73406444001
467,178530.26938795825
578,218210.63433581172
1747,194055.06117115522
1149,151917.81948037166
2758,252311.13024081057
857,152204.45150614958
2219,266797.69227026094
733,89209.44263422568
2909,99013.12366970244
1798,270485.6477656297
235,121808.89969751418
2366,115839.54159879187
1027,136292.20995272504
1195,137470.85808905828
1303,73457.23992714507
148,188715.80316775828
608,164454.7550003764
2515,196961.8490224377
821,279652.4701241199
2500,262159.9885894603
745,109763.0319594422
741,124467.90285423837
1611,99247.94085708895
2532,128963.98083405408
1081,226956.62058892776
1692,467036.9938256218
2520,175209.74177028064
276,107828.23025642136
1992,129530.28271181557
663,81345.67440327455
418,127987.74411636344
1733,200610.1466755111
2359,149320.94992466838
253,179112.6662176821
1518,171427.63289689255
2035,138427.04236226063
2919,76654.15122341982
1540,254416.93667232522
2120,149189.3224180758
1674,165034.24724243185
256,153787.5262494877
2361,123919.9030172615
978,71323.90377808474
2280,145300.86085312342
2095,223639.0470799356
1709,334339.94780414423
2801,247882.9947504341
1246,117422.77536634801
2373,90658.40589463004
1055,294700.78450974927
2017,125071.5190449522
1099,279298.3320888968
1344,89604.61217951748
835,199685.33827323592
1117,235030.9161740101
2043,87326.87424586093
2085,139547.82613213945
410,138538.57901050348
2650,109876.71804414055
2867,184105.6245183057
1668,115918.62530791265
1161,155774.42988536943
2122,165141.57602685876
2539,153196.55553708624
1047,139341.5555171504
1445,133785.65456585103
541,126043.55633358481
569,219793.54604616025
1276,118704.38821303906
918,157867.85185294654
326,161119.86666943613
1936,128829.34873172244
895,103160.85062224955
257,168367.10859491004
1241,180656.59241031672
1545,116395.4096771174
1189,163880.2399674608
270,145950.77576000273
2066,170875.20497451187
693,111861.29248106205
1259,134426.2180003345
2916,147278.49773990476
2321,297600.2997756105
1977,82752.93574259194
1895,135483.906098779
1240,171565.26779910168
85,154880.76401505954
1823,128805.0331687731
825,286767.6082674957
110,230100.8551844941
697,118949.79789686474
2297,124417.87619507684
1231,140838.08453692636
1355,134595.72180722264
968,350604.83914785436
584,224925.41292106043
1315,131563.68581401365
1606,142978.14652478744
206,91004.09142292629
1685,366382.433923336
2016,142297.7833596922
869,201861.5204542197
2135,120000.63480617994
2346,171932.56281475115
2430,223512.56397370173
2198,93296.37351693361
2652,122118.74889552614
27,121218.55673697914
241,160532.92391039405
906,122373.42753781912
1506,130557.50373955487
2098,390528.8457159613
1435,224774.91285584675
2213,155736.1395378047
1274,135364.4875912415
743,32426.40489898459
1737,193757.56451112608
2797,272161.15250202356
2185,72103.00401682632
58,168302.05178553239
830,199788.23055680742
808,109859.59728542919
680,143671.62013788742
1153,109272.23133741642
1291,132052.6412951479
1818,140328.54981577845
2161,186063.85739607026
1883,120958.02739557603
350,357416.7697510179
2473,144510.74428770432
295,189905.9791202634
293,185942.3964913167
859,134356.7064037802
288,66493.80003401016
1578,156287.39773533843
102,199376.7906075523
2831,128449.40027406739
1030,155343.62559072633
2551,149337.7969624192
1286,150944.00988412843
958,322808.8070902227
776,142802.04390924002
72,251789.38345533263
2263,261765.93932194903
1866,157315.09466375713
2876,75805.77380070309
2146,243372.79853501503
103,172099.3286979437
1500,130755.83706390066
492,179090.21930804598
167,153948.37102924928
2597,119445.643892827
2685,114367.94785085504
1035,151935.2085405794
1220,88641.9563690287
2602,156514.43284174733
2159,202803.07940786312
695,128818.44090016102
1109,259810.58260368623
640,185761.68533895802
1652,140156.4574017287
2090,188858.6142392304
1188,167820.45957559824
2345,243778.68958501684
1059,415417.99374085
2751,235612.01763903978
128,210118.85128784928
1523,188144.9516757329
2925,184317.7004134219
2145,301979.2861303274
1121,221570.41565001197
566,261738.54280397296
565,238951.53642923292
1331,135913.50641450685
2928,132699.2005368381
156,143174.02689298915
797,140110.47752847348
327,90764.78962020666
2859,150044.1545477677
1453,126797.35215855371
1762,352025.04248276586
1868,203034.51995485503
1760,182350.89223595383
1113,234698.92956478923
1812,192613.15236747888
117,154564.11667673202
1142,193669.45417051623
2342,415768.7928489153
927,149159.30375084403
2478,185091.01661366818
655,93680.29591970997
2064,120375.0650557843
369,268940.9371392898
2239,116979.23728116995
2732,216421.71184568782
1653,149979.05242916162
959,230964.26792813704
2395,348195.7297943412
1412,113493.58235465272
271,246507.96134853613
1484,149040.6976882526
1497,160105.92564292566
552,154317.5199310106
2,115173.19030426221
1855,305729.7730717116
4,271140.78853515233
2292,149051.18622817725
134,139976.47201858205
646,93731.58083498504
42,306024.4115127489
532,225232.16168795573
713,96548.47837358378
2561,139149.11609918746
2360,136370.3890179905
1333,127435.46636481036
1407,239278.73908905176
2892,298635.86726906034
574,208351.0767122007
1227,174259.30627692453
2591,200668.90235051667
1476,210799.61061673495
1125,264679.72024922824
1446,145014.53900418815
408,120002.92420131767
1101,284916.9413809392
2251,190827.95874504355
373,173210.61639543608
2554,131735.9837748817
2382,253000.82878953687
1985,86873.79140838937
519,234476.42759845633
1093,194387.56669944167
864,242274.93951810972
2889,137838.75090231822
2308,189139.91462828728
986,189938.42418448094
1302,144790.86674286833
585,151848.46502265046
2708,150178.798768126
147,136051.76151787944
1441,219493.60551175426
383,192234.99773074005
285,145882.46483808095
181,104824.62227536814
358,190397.0786615088
780,169575.96185321442
258,189323.36865511912
1865,231247.44194337973
692,106732.6450618733
2902,340814.97283072316
508,265710.5086700979
2638,153595.24618358296
36,140478.42394101404
611,167413.167218221
2281,161002.74072048668
1678,125440.902976387
1696,475160.07849644206
1557,83119.01882575567
2180,166771.94430616425
1726,209728.21367700864
951,146098.32140675385
267,220367.01578879353
2706,133170.43456304463
2221,250247.43417119246
1357,178768.79762765602
2901,319089.2963757635
347,168554.44837869352
2164,182643.59035879685
1586,308939.973409613
360,144329.7094697633
1769,251989.3037064584
2617,158139.20831767944
1879,122054.87639664706
991,239419.26493921346
1535,133654.60804995528
1191,128429.93732768846
1579,208275.88742787368
1882,140558.8893240556
1510,139248.93227526481
2196,139486.14777489367
1845,182018.2827013836
2336,402108.01751676423
942,86550.31059276694
861,128509.68366616113
2555,131076.50732617226
1392,162301.66581551335
2099,257688.8050532383
1543,113474.7235268
948,288957.3370177266
1239,179595.18448314932
22,178982.70050481433
2796,243544.03890010875
2747,177719.584481425
92,288721.08476543555
210,164359.19006697348
1858,192951.965612117
2228,158038.20677550623
447,224035.76094784783
827,239887.84439559485
1649,189295.54291147413
682,142538.27094519197
2698,102032.56060856619
494,167031.34921625684
214,75549.62572432718
2441,240429.4100865071
2679,106942.09486045777
1336,120585.25078957842
465,169221.25725188252
1524,156753.39917043588
2543,106969.56323666924
631,144283.32931517038
2452,315528.1261002949
228,163347.9694644013
126,182254.41955666873
1092,230340.3069324803
1122,221619.82300482824
932,231102.6675448616
1980,76875.35445060006
2171,114386.21471091639
551,161120.8769343044
2768,169492.91361302687
2056,112954.44539190094
1159,362280.5030296858
2645,111093.60381590064
1174,169899.89498909123
2266,204351.32159506562
2462,416615.10255682224
1219,143815.06426042918
2922,184183.33036680598
118,143654.22124964718
474,158135.7537320655
2576,146818.1643462517
872,284791.9137480799
1077,199823.35211236237
1536,147942.88782657642
1150,109447.06135548725
2341,331787.7543149701
1931,159586.12658361794
2785,134670.31535624625
2538,130547.98310476812
597,213286.3562198098
464,185588.1003276099
233,208690.1855869474
2169,136218.205855661
2123,173093.12975710104
1867,170057.25171333255
137,263768.0885417998
515,249364.39659321017
933,106006.9261288916
2784,169578.06809671535
972,169566.52936679148
599,173185.92449715262
2614,121818.05588613151
2582,143475.4975201936
1409,159574.42811226723
175,106728.88026514146
352,226582.43279378957
976,89249.43929432415
2134,187726.4364583288
984,125148.28689853202
2396,354970.19304261915
1673,134984.38575922852
404,119011.87882823366
607,165294.5220873003
814,142394.56267128605
868,180496.28972994522
2271,188173.70396647512
1633,233860.23639431066
337,133852.73556471517
2765,189984.08642888046
1746,236897.77311882377
368,337975.74094423256
2806,204350.50927548524
1662,189676.95939669447
1234,211943.35069590757
1373,121665.90567282762
1672,118795.369900435
1939,120855.08271954347
