Id,SalePrice
2658,147070.3352951245
2718,158860.68095157345
2414,213861.03663748057
1989,107163.24992540106
625,175123.69296684075
333,91237.24338312689
1327,111468.03401934347
858,153414.50104286097
95,180980.35454919314
1568,166749.85307305603
2482,149070.37975411216
1364,122432.22901935331
2584,142803.11276535597
818,296441.4793697451
2673,160877.78986138996
2089,128067.82398278022
1297,167463.78276748178
790,119132.66409451813
2616,193785.4866872268
720,173961.49851516495
222,149044.9763252365
557,121334.37779587592
1148,189344.99399412924
2766,160546.59732690232
534,170496.04813729457
1452,120610.41815585273
630,114478.83323036932
2648,116079.42793898346
125,162954.1433001156
1904,73325.04276981155
1670,105714.5701704727
756,92803.91484116901
717,240269.92753107363
1032,157974.7017371439
852,207470.50871593624
1731,180805.60370442894
2639,118860.19368546472
2071,94229.81703351125
1267,109910.16272293955
1851,196174.6500592506
567,159365.03560794756
2439,200311.71693994632
1898,150999.70435642943
647,160730.87799487816
2256,211825.86804171154
979,93804.95515962146
1444,214175.404730698
2485,132547.4118245268
157,133923.25953028767
88,125517.52507387442
2003,106011.91469608348
186,206046.4055454454
1425,242266.7234493095
2695,122502.3684355588
738,102150.44288252071
395,158852.84495161765
1353,160707.0314320348
1878,138165.13544685714
390,163527.7063951216
1456,231319.0932020233
1103,325350.6185804327
1387,138466.88487889076
2070,139899.7835832103
1199,173668.37692755013
2479,168886.89948772735
501,307118.7419129022
2362,98996.18503879503
1718,198218.11191383726
2188,93090.10701132663
1483,155744.03205802507
2557,87389.12784277265
437,350455.27085960424
2224,202806.78152109814
1628,156662.74788547945
397,136209.18753417273
587,198618.91629838996
2182,705012.9638241319
971,131773.3391337393
2611,144875.17291459453
1887,105032.47543850151
2399,363803.32820207294
2148,194058.547786639
304,125669.83336582016
1997,134032.4559796996
2817,100171.79265295273
1431,217691.18935192729
427,370378.9175817187
263,126294.41185360488
598,171628.19843478705
2895,233751.0369663624
687,147784.96361979915
1822,132321.14912142832
2191,112102.20252409656
179,130323.49187069383
1009,206847.80830273518
2010,125120.83299164494
1991,127926.02591997304
1411,188011.06936052104
1721,221929.7701729763
1144,191193.44609536458
593,214200.52103781575
575,313096.27467162604
1249,169642.09027698525
1604,131256.2178248767
1064,502230.9280933355
1923,154827.00614374003
1988,113230.90834599985
2325,164070.35291262215
114,198948.22125265386
2700,183774.58406166968
217,135299.27121806215
343,180124.50978466132
386,215563.47617209484
2005,117777.42099855206
2908,148667.54094074978
1814,230436.12614373432
2446,536792.0238740934
208,128145.79546968621
1679,105135.36013367985
822,335420.246751201
6,198054.76220352782
1781,425288.87264285435
2397,296364.5567035752
2340,315131.7374895086
1618,169698.1514059915
2843,129722.14227081156
1061,380225.7955136296
2786,123558.35506028522
1935,136801.80892215707
1341,113355.26507569937
521,270972.7090962224
2136,130604.28979401806
996,213645.83169830102
227,145216.8641837867
135,191729.68450199766
1167,163915.9679195977
294,228140.08463040568
1776,209026.60715431566
540,164503.2192968786
1717,206667.87952586825
2303,136771.5359777144
116,185068.46617215886
127,135314.73841268942
1371,129648.37618193156
1014,157969.3921338492
1507,108885.75910278114
702,125834.61420289906
750,153506.636462455
261,148280.31298030642
1559,71652.64865089479
577,217491.36851692377
2812,192900.8399696833
2080,160956.4690516767
1368,111213.96931860193
2376,124881.37091250069
659,116266.04619674198
1235,135511.11147697977
332,78638.58091669065
1917,146069.52948751557
2094,248005.00342973348
1460,277378.5072691734
1471,221433.3147069342
1509,126447.96690298126
1922,138614.33581002377
433,502593.4761862535
460,252970.47061750284
1116,241624.0601473994
1137,167093.93361808755
53,158265.97848512398
2354,264046.48686304153
1475,188660.43239138875
1761,600031.404634474
842,143231.88291077793
2739,177525.36736557973
2509,142883.01963906494
1007,184438.56300991078
2610,179831.02145931407
1952,93804.972377727
2719,165148.3198146724
2921,82158.98527400609
1966,153569.86775238393
292,110168.85598132931
1204,191821.60181292697
1829,252964.39480091806
2419,190897.42186422745
391,144082.44568888843
798,111942.66241039337
481,190989.73136404928
193,194583.93805198336
555,115864.51163198706
899,71755.2041278622
2357,186243.04512846094
328,132141.4788446385
1356,109756.1466185447
1154,104640.94897597848
1730,178512.38345661687
2249,159901.51467052905
1119,290528.9793825831
2856,139668.31699472177
1394,129815.76607275306
2587,111799.09772307302
61,332881.3694273089
2661,184619.28949613546
2711,133725.37492782078
1147,167505.02283656696
757,119934.24224388044
2623,109751.16452835177
2378,136694.8148217629
1413,147582.71205013848
1722,208217.31810305425
1112,216486.60792935186
1623,198543.08006630538
1201,195243.72882073198
1513,114634.01357759592
957,392957.9018735234
1171,260801.74069563553
1145,189984.17957120802
2726,228117.53327010368
703,149874.0752529896
760,93850.19155101255
1964,153685.3424281411
2512,168895.0332315938
159,152078.42185892194
1281,160029.71323816717
468,178280.2122609695
290,119977.40098147397
665,92873.94068388928
1463,260426.39885622798
1792,226983.3124765025
923,177264.2991630893
500,280456.1343772718
1408,193628.13943242165
331,88283.2717587228
170,114202.64446719574
2192,100941.32714122305
2571,322708.325512439
2314,174990.68206211066
2647,86281.64422556452
422,440479.3063915511
2457,380730.74231347314
1838,203241.2588801859
2805,266015.0929997864
1645,154928.20510243313
1711,292279.42079256225
2825,238885.300474919
322,341575.26198836335
2103,263492.965474395
342,128464.77729836584
600,130979.97161574845
488,174835.08431329962
1725,323755.8048724416
2246,305015.22697073326
2847,154032.50229979868
806,232126.78662923246
530,233630.43598239066
963,182961.95418973576
2678,93224.85968386497
171,86752.0155646796
2401,430878.3178587973
805,220461.42100598745
2259,235465.64850347833
1748,176717.85869173557
1361,140854.63655417901
1677,110124.78622745656
1406,152604.93556766657
2322,251416.0488154234
688,155059.5029992531
143,149076.81393204044
804,199290.3374850853
1214,199956.8600115605
2828,157168.15456768597
1999,190883.97519056706
2467,208544.1673470723
2665,162120.25331476502
1538,387918.21454925917
398,122848.5809809806
2822,145607.04690936254
2157,135933.90330331805
1856,186040.8371378421
1269,95245.86576275429
2570,114212.45040829877
2320,239665.8967879761
1517,131133.70727808977
2304,131720.96719883033
1312,95502.55641082324
2012,125464.98557504843
506,231326.91936862463
2865,209455.9137027866
2367,97268.01013422088
554,90067.4059299651
238,138907.72758035338
1954,100746.30503470014
2488,126225.27024537211
2291,75117.72181384364
1969,113651.33602590421
2725,172772.80950800102
1482,143481.31939317446
2763,196689.65558429467
503,248478.57326218276
1584,239725.70907725906
1531,148637.2325844171
2210,173414.79268065383
459,338330.422087678
556,134236.20290856413
1347,123311.55810558863
1290,78696.33713865346
1388,103455.29534590729
1571,312585.58986484807
2754,203818.6298745543
765,149688.8319192812
2494,135564.8120312742
2870,225936.3318227242
7,219378.2671228064
1114,245963.0549350202
2418,280686.9685786668
291,117039.18374916668
18,357454.8450551939
39,370946.52286316705
1001,258094.14741539065
2442,225877.73491678108
616,115327.89674713703
2680,87532.13868296889
1414,124800.2256619707
289,141890.11057749263
40,258569.47425157996
860,120615.13962592311
409,137631.09539316501
673,156767.93052306966
2427,183534.09883216172
2036,208907.39330471578
2564,141899.88354871495
642,149662.45213117255
1008,170718.36525980066
1908,139345.78993642473
2519,199453.9966594809
1369,81974.11978117429
2855,175942.11629226265
712,102761.19614116377
1943,117188.18458149387
1958,115238.19394128628
107,153908.6290758902
2295,207643.45485872083
704,107482.21672201117
676,150885.9199214735
259,178593.04574202394
93,286265.3324281594
106,244451.29707398821
2315,180513.81153061663
1050,97931.15447533593
1095,195964.7333708399
2709,145824.53226756508
758,127129.46843676477
1496,156503.24982793303
2370,115884.12361654491
2458,286531.7337335279
2733,134636.311346663
161,271496.9441951136
726,148859.61722933906
845,204313.89140097334
947,248944.88735001776
2232,106479.62629779501
2563,143114.1951030046
2299,146409.10370572662
211,93001.45616900687
605,157602.57855998928
1478,194292.72590214858
2247,298762.68337316706
2274,224564.18399240682
2869,206218.48842579132
967,207716.5699565882
2656,128568.37139063132
667,214727.53092382287
1042,113803.90119817456
2023,158357.0208665205
2447,396324.62535383704
2055,136348.66145461306
2275,300201.4445306061
2204,166424.25785684635
1563,290414.30196461943
483,200600.58290366505
796,120399.4576745978
1526,156957.00822932422
2042,136913.20198289555
442,346208.5236203985
1693,323837.81581427215
1468,215325.8167354978
1430,197146.64525090295
2605,145059.4437943813
1529,196730.8044250691
335,154563.14748665475
1287,125922.69542814579
31,94673.4193962019
1785,319246.77759184735
82,159675.33834122962
2620,129038.87745072787
252,178033.82585860943
721,60822.916090998784
2165,186039.00846204255
2316,192298.9895312071
775,123251.48808178054
1558,67607.00646967415
17,214705.30366275864
1022,221189.50514986037
925,132690.31278455514
438,281363.0479900601
1270,146981.87264960053
1272,132501.78524742712
215,123878.1061297679
266,228348.73450993947
2402,280154.7431750536
1250,128195.40565715483
1984,121005.09725327691
1279,142585.30695582042
377,244758.8360513337
1252,108652.38248873109
2156,266849.77888020733
499,324040.23157902923
1374,123907.88144060122
2898,258004.04868123832
401,117830.218898393
2721,152059.68301674855
2078,228493.26346664166
2589,126671.67752401262
1946,238644.92467339602
1334,117214.8417412627
2781,220264.8242137322
431,405285.79093239584
576,196932.2353944445
1474,205844.23960412006
2254,145505.36050585445
2155,278441.86226876214
885,99975.08686071192
643,142053.92968733367
1944,122566.58765520324
480,195227.39391745286
2845,96094.00976884404
2387,326417.85170297645
2407,206266.78828122953
2527,172051.85628020565
2514,144827.43302528322
629,150448.6688459748
80,200611.56428911968
1876,138048.30534665228
1546,131605.59232876953
2518,167097.4335241852
2347,150401.87919850912
783,221408.31661297736
1322,46246.57556240723
194,87147.21432996642
1770,291371.41686740215
2143,152141.56675474066
1229,225837.7108016474
511,285695.27304582525
46,226851.00333094833
1348,156176.34554112487
2465,205826.11824822085
387,235999.07534530375
873,215866.28307714127
1918,134852.8628392547
2764,227950.7952565728
2184,135640.65278752134
934,132790.15281749188
1920,133076.76651388966
2631,160440.25958710202
1768,646044.8679645457
2040,116017.4770166012
1749,212480.3656571129
834,250004.72243700476
1457,225685.769624452
79,125291.63845806732
2302,143196.09563243188
1817,153493.56716377358
2755,239576.13970525857
359,172322.68299385888
2059,106715.97934652533
2092,233151.54453607948
2516,217260.13058517405
150,116533.7151070156
1656,143104.4122232578
83,84869.84997951682
2411,182914.28916060133
795,84845.52200721968
2312,225544.32690358887
2917,98244.3139854073
1624,170300.6432254897
2215,305828.12310929055
1211,162255.51897076075
1485,157516.6158471225
1024,172187.84987412224
570,190569.19155548874
2874,135581.64346834575
700,116540.47382066435
2756,217800.19356508093
2022,182337.40837326972
583,235325.88655589212
2392,370076.73576788174
2424,170022.9078666054
212,118591.54677829836
736,130789.23556728761
1610,168478.0401594439
890,121420.28197940445
467,173052.10594261874
578,213182.13326781063
1747,195597.33693225784
1149,149882.33709950247
2758,255177.2837297915
857,148655.70163848862
2219,273487.6985486073
733,95987.22600630851
2909,106616.31464970284
1798,278460.28202219284
235,118661.007425435
2366,115506.8162791715
1027,139461.23029093895
1195,139417.06202248158
1303,58851.21528908872
148,190118.91226187962
608,162922.19416830823
2515,187215.89522840382
821,281349.6353844342
2500,254936.6523827326
745,111111.03288001784
741,120897.83205503123
1611,117667.9900736583
2532,129032.1810362857
1081,228704.42909436527
1692,472900.1002757583
2520,172272.4353289181
276,108494.02517869443
1992,133579.60837018528
663,74238.12657323985
418,133799.46881068678
1733,197028.53645468876
2359,155964.58959731957
253,176439.72736851964
1518,180014.9881975132
2035,139113.776607972
2919,74126.9786760282
1540,242585.4074472395
2120,144947.18197616085
1674,158583.7502738419
256,158161.19927379116
2361,113462.25122406696
978,65389.0791605768
2280,144900.26154017527
2095,215781.57290523555
1709,338736.183343346
2801,247705.31262735167
1246,112439.62817550862
2373,90966.85193181415
1055,299140.5392497818
2017,116797.41792875761
1099,266961.72590079805
1344,84302.0727374371
835,193999.58613696086
1117,231085.03572854423
2043,87072.14602448967
2085,132744.94617708476
410,143661.96762150145
2650,113521.77336466638
2867,177907.32601605327
1668,119427.71224726608
1161,153784.00457357644
2122,161832.36000706363
2539,155454.43927506846
1047,139136.68221478313
1445,132940.62610577402
541,131320.02093362
569,217592.59881514555
1276,119249.66338325749
918,157442.35978675238
326,169244.2797288719
1936,128465.78886401249
895,106166.39444804042
257,162877.86422281395
1241,183502.967530416
1545,129197.31670065745
1189,167127.4239885457
270,141143.85227022815
2066,171374.3847780142
693,110626.91593306331
1259,139758.64296389895
2916,154114.26435684948
2321,302441.22995180066
1977,96510.9922375879
1895,133666.03374991016
1240,170055.11195544957
85,153576.12947216863
1823,125461.87640643613
825,280491.93037330604
110,231850.85639582676
697,119546.31193824582
2297,121599.70027287117
1231,141051.44112013283
1355,133369.4883982731
968,341850.1954007882
584,242798.85208470898
1315,131606.99010736335
1606,148903.00873837603
206,97825.74481037223
1685,365002.2076991735
2016,137927.58915687219
869,205815.66065163843
2135,116989.00246715594
2346,182292.5983810601
2430,229184.19303832736
2198,93960.06771195549
2652,123667.76865020156
27,119721.1230922495
241,160930.3043848984
906,114764.42535185721
1506,124964.1559845435
2098,400462.06119828846
1435,225923.90629590474
2213,144822.75154545123
1274,133622.6700757389
743,43700.9980045468
1737,196365.47269529043
2797,274129.99667826964
2185,69528.44428492106
58,169100.46795033445
830,196478.3083405287
808,113524.52548436639
680,144208.04417486163
1153,114937.21403017353
1291,135058.6164488513
1818,139599.63011571724
2161,189434.33458099564
1883,121090.17415701764
350,355934.2028932193
2473,152522.18013074243
295,187324.1246366695
293,180089.74028423216
859,134826.9969132123
288,66952.12403666286
1578,148148.88212106505
102,187896.8825964456
2831,138690.11631783188
1030,161640.12645035595
2551,147991.75677629962
1286,151497.2726864876
958,323491.97066201
776,135638.59191774827
72,240125.44586584385
2263,269987.7570557632
1866,167497.0879456754
2876,76244.90179854534
2146,248412.16051184246
103,168149.12880071404
1500,141516.1751100315
492,179206.82097194626
167,152468.38395884837
2597,120940.44588840968
2685,111614.86070020222
1035,159181.18953278085
1220,80840.10452624482
2602,151882.4130895718
2159,204118.69765346445
695,136472.6481922249
1109,256432.1738499864
640,191759.42970615302
1652,146195.17092434177
2090,185199.2068696888
1188,185472.13055932694
2345,228776.1032619054
1059,421685.77074405015
2751,244267.03767855273
128,198813.91053359132
1523,182276.86654504985
2925,190519.7514865661
2145,306614.3784581586
1121,229828.80969246736
566,265465.20143947436
565,232751.5175725994
1331,133310.4716761659
2928,131394.28045495605
156,141538.99747245634
797,140428.75015670073
327,90284.7329530672
2859,149032.1724282074
1453,128249.02918869191
1762,350510.26554110006
1868,202867.47780663235
1760,184161.5529715058
1113,239838.25406126335
1812,187663.03007388877
117,163172.24262672476
1142,202566.42870435654
2342,405472.6537500898
927,154488.08199497956
2478,192019.94570509286
655,87615.26330984136
2064,120237.51311165062
369,259506.55755852035
2239,121689.93569672747
2732,220669.1672123011
1653,155862.7574430509
959,235775.8934466007
2395,350255.0979059463
1412,117818.1268493169
271,237863.29953225658
1484,145795.6589913482
1497,157997.14612773954
552,161897.02762277488
2,120164.35828784957
1855,300809.6755305539
4,270123.53372789687
2292,150655.1773544239
134,138846.96266428288
646,98903.68410946918
42,312718.8162948112
532,230266.63857731884
713,97220.89364815013
2561,136987.02171663166
2360,131327.8198411432
1333,118179.17827933258
1407,229826.65482094468
2892,305417.3085373039
574,208675.96360574622
1227,180453.10739717877
2591,224407.6171688392
1476,209748.05831113635
1125,266897.04325346247
1446,142663.36788351834
408,115385.36991140782
1101,288357.0130566466
2251,189313.60726220702
373,178027.58014076366
2554,135958.48771625748
2382,258253.6194764238
1985,87114.90809092124
519,238749.71792252763
1093,190552.08072176177
864,247531.55633813218
2889,151867.45959858238
2308,190813.41194585027
986,171817.82972927793
1302,147502.37350660708
585,154130.4830320542
2708,154906.09577779836
147,135129.35491197984
1441,219054.80349324524
383,197045.61045913832
285,151702.76943418043
181,102367.69072156001
358,178784.8517199364
780,168472.96737260334
258,190288.01652443598
1865,228022.8382627376
692,111903.99461427229
2902,348771.4407114233
508,274383.63693316723
2638,149406.076945766
36,139395.30246603704
611,178430.70949238798
2281,164441.63154273666
1678,119582.1623173521
1696,474831.3473472664
1557,82286.81706847664
2180,163566.1901137905
1726,215663.8269064062
951,146067.32622167454
267,224542.13537969335
2706,135060.0749077707
2221,243403.9165349487
1357,179098.85283426876
2901,318026.02193679375
347,170205.54705455655
2164,188562.62659848534
1586,314272.03188544884
360,144447.26971668005
1769,243092.0793578087
2617,149107.43844760262
1879,127425.91810495831
991,230287.4579569136
1535,125231.08756461323
1191,139441.4638634043
1579,209803.43205604283
1882,142800.97383960072
1510,135426.41120481704
2196,140725.7365292858
1845,173855.4769558826
2336,396593.72188642056
942,92564.73003438064
861,123105.39858218179
2555,123307.97640715973
1392,175094.1310989384
2099,263439.6230112946
1543,112092.31698207562
948,289325.5830688741
1239,178765.50043528722
22,184054.63887665872
2796,240970.97881842
2747,175274.12742075598
92,289811.2154711156
210,162343.93812746808
1858,202243.98510666983
2228,169487.33107174272
447,228909.45719111717
827,241696.6085243442
1649,203123.0751397043
682,140872.0671488889
2698,106350.70942195796
494,168868.47883705253
214,80332.02763491175
2441,246735.11825120228
2679,111893.19860198197
1336,121137.97141377401
465,170906.62070606294
1524,157881.90255759514
2543,110492.62556061707
631,145565.7241744118
2452,317738.81210401497
228,160757.75587685074
126,179095.68508657927
1092,234116.67631262468
1122,218233.29195400368
932,227130.7484409244
1980,91862.00307258034
2171,117841.97197852231
551,158536.65752871791
2768,173739.49533593268
2056,113095.42265887713
1159,363309.7218712686
2645,115988.26660059877
1174,165632.15596305212
2266,201213.6198324869
2462,410201.6833091815
1219,147704.05631356296
2922,197029.9872458814
118,144568.53606902916
474,158421.15699258144
2576,150118.2788373065
872,286331.4557858212
1077,203631.5287640108
1536,145781.27172265569
1150,115864.75991753115
2341,336119.12576166017
1931,159449.87154189328
2785,136708.29939031426
2538,128912.78929416343
597,217861.39639132522
464,185393.20220568654
233,225461.86123307297
2169,139692.99279920346
2123,168980.86452566797
1867,175325.11222229555
137,264848.8224738085
515,254537.63141838048
933,108593.62330477923
2784,167042.0217633217
972,171059.0889464743
599,169485.24062178575
2614,125621.63725164885
2582,144069.2439218492
1409,161449.0920566615
175,97176.46606843537
352,234285.7048736099
976,88352.33349445582
2134,187970.356462578
984,123955.85112875843
2396,353205.43273128715
1673,134543.6659663743
404,120958.64401494384
607,162818.8025286189
814,145590.4700675685
868,183693.98445891368
2271,183593.12283441372
1633,231315.12634280036
337,159311.87399385852
2765,187035.2771757269
1746,232232.36895201195
368,340210.24589825846
2806,203607.9626055893
1662,200717.9460908643
1234,210029.6233305843
1373,120521.2959601752
1672,116137.56601753447
1939,122752.28196461758
